96             91
96             91
96             91
96             91
95             92
96             91
96             91
96             92
95             92
96             92
96             92
96             92
95             91
96             91
96             92
96             91
96             91
96             91
96             92
96             91
96             91
96             92
95             91
96             91
96             92
95             91
96             91
95             91
95             91
96             91
96             91
96             92
95             91
96             92
96             92
96             92
96             91
96             91
95             92
108             93
98             91
108             89
96             97
92             108
96             106
94             108
93             110
98             110
94             111
92             115
87             117
88             120
88             122
87             128
87             127
88             126
84             129
82             128
82             132
80             133
85             132
80             134
81             132
83             130
83             129
89             120
89             115
96             108
94             101
95             91
101             80
102             71
100             63
102             49
93             47
98             40
98             34
95             30
95             23
93             20
95             17
95             16
99             17
99             18
98             18
100             24
92             36
93             41
92             49
93             55
89             59
81             67
77             72
70             76
60             79
54             81
50             82
49             80
36             86
38             82
42             80
39             80
37             80
32             85
30             87
31             85
29             86
33             86
46             82
44             86
58             90
62             89
57             92
69             93
78             93
85             97
91             95
98             94
105             95
111             97
129             92
136             91
148             91
148             94
152             93
151             95
168             92
160             94
164             94
162             93
165             94
165             93
165             94
169             91
151             95
144             100
133             101
124             94
118             88
121             86
113             88
108             90
107             89
103             91
110             88
105             89
103             90
102             89
100             89
103             87
99             92
102             94
96             104
94             112
96             114
85             122
85             121
87             127
83             129
85             125
104             106
110             93
95             94
88             92
92             90
107             74
97             87
85             90
91             90
86             91
219             110
93             93
94             92
96             91
96             92
96             92
96             92
96             91
96             92
96             92
96             92
96             92
96             91
95             91
96             92
96             91
96             92
96             92
95             91
95             92
95             92
96             92
96             91
96             92
96             92
95             91
95             91
96             91
96             92
96             92
96             92
96             92
96             91
96             91
96             92
95             92
96             92
96             91
96             92
96             92
96             92
96             92
96             92
96             92
96             91
96             92
96             92
96             91
96             92
96             92
96             92
96             92
96             92
96             91
96             92
95             91
96             92
96             92
96             91
96             92
96             91
96             92
96             91
96             92
96             92
96             92
95             91
96             91
96             92
96             92
96             92
96             91
96             92
96             92
96             91
96             92
96             92
96             92
96             92
96             92
96             91
96             92
96             92
96             92
95             91
96             91
96             92
96             92
96             91
96             92
96             92
96             92
96             92
96             91
96             92
96             91
96             92
96             92
96             92
96             92
96             92
96             92
96             92
96             92
96             92
96             92
96             92
96             92
96             92
96             91
96             92
96             91
96             92
96             92
96             92
96             92
96             91
96             92
95             92
96             92
96             92
96             92
96             92
96             91
96             91
96             92
96             91
96             92
96             92
96             92
96             92
96             92
96             91
96             92
96             92
96             92
96             91
96             92
96             92
96             92
96             91
96             91
96             92
96             92
96             92
96             92
96             92
96             92
96             92
96             92
96             92
96             91
96             92
96             91
96             92
96             92
96             92
96             92
96             92
95             91
96             92
96             91
96             92
96             91
96             92
96             92
96             92
96             92
95             92
96             91
96             92
95             91
96             92
96             92
96             92
96             91
96             92
96             92
96             91
96             92
96             92
96             92
96             92
96             91
96             92
96             92
96             92
96             92
96             91
96             92
96             92
96             92
96             92
96             92
96             91
96             92
96             92
96             92
96             92
96             92
96             92
96             92
96             92
96             92
96             92
96             92
96             92
96             92
96             91
96             92
96             92
96             92
96             92
96             92
96             92
95             92
96             92
96             92
96             92
96             92
96             92
96             92
96             92
96             91
96             92
96             92
96             92
96             92
96             92
96             92
96             92
96             92
96             92
96             92
96             92
96             91
96             92
96             92
96             91
96             91
96             91
96             91
96             92
96             92
96             91
96             92
96             92
96             91
96             92
96             91
96             92
96             92
96             92
96             92
96             92
96             92
96             92
96             92
96             92
96             92
96             92
96             92
96             92
96             92
96             92
96             92
96             92
96             92
96             92
96             91
96             91
95             92
96             91
96             92
95             92
96             92
96             92
96             92
96             92
96             92
96             92
96             92
96             91
96             92
96             91
96             92
96             91
96             91
96             92
96             92
96             92
96             92
96             92
96             92
96             92
96             92
96             92
96             91
96             92
96             92
96             92
96             92
96             92
96             92
96             92
95             92
96             92
96             92
96             92
96             92
96             92
96             92
96             91
96             92
96             92
96             91
96             92
95             92
96             91
96             92
96             91
96             91
96             91
96             92
96             92
96             91
96             91
96             91
96             92
96             92
96             92
96             92
96             92
96             92
96             92
96             92
96             92
96             92
96             92
96             91
96             92
96             91
96             92
96             92
96             92
96             92
96             92
96             91
96             92
96             92
96             92
96             92
96             92
96             92
96             92
96             91
96             91
96             92
96             91
96             92
96             92
96             92
96             92
96             91
96             92
96             92
96             91
96             92
96             91
96             92
96             91
96             92
96             92
96             92
96             92
96             92
96             92
96             92
96             92
96             92
96             92
96             91
96             92
96             91
95             91
96             92
96             92
96             92
96             92
96             92
96             91
96             92
95             92
96             92
96             92
96             91
96             92
96             92
96             91
96             92
96             92
96             92
96             92
96             92
96             92
96             91
95             92
96             92
96             92
96             92
96             92
96             92
96             92
96             91
96             92
96             91
96             92
96             92
96             92
96             92
96             92
96             91
96             92
96             92
96             92
96             92
96             92
96             92
96             92
96             92
96             92
96             92
96             92
96             91
96             92
96             91
96             92
96             92
96             92
96             92
96             91
96             92
96             92
96             92
96             92
96             91
95             92
96             92
96             92
95             92
96             92
96             92
96             91
96             92
96             92
96             92
96             92
96             92
96             92
96             92
96             92
96             92
96             91
96             92
96             92
96             91
96             92
96             92
96             92
96             92
96             91
96             92
96             92
96             91
96             91
96             92
96             92
96             91
96             91
96             92
96             92
96             92
96             92
96             92
96             92
96             92
96             92
96             92
96             92
96             92
96             92
96             92
96             91
96             92
96             92
96             91
96             92
96             91
96             91
96             92
96             92
95             92
96             92
96             92
96             92
96             92
96             92
96             92
96             92
96             92
96             92
96             91
96             91
96             92
96             92
96             91
96             91
96             92
96             91
96             92
95             92
96             93
96             91
96             92
96             92
95             92
96             91
96             92
96             92
96             92
95             91
96             92
95             92
96             92
96             92
96             91
96             92
96             92
96             92
96             92
96             92
96             92
96             91
96             92
96             92
96             92
96             92
96             92
96             92
95             92
96             92
96             92
95             92
96             92
96             92
96             92
95             91
95             92
96             92
96             92
96             92
96             92
96             92
95             92
96             92
96             91
95             92
96             91
96             92
96             92
96             92
96             92
96             91
96             92
96             92
96             91
96             92
96             92
95             92
96             92
96             92
96             92
96             92
95             92
96             92
96             92
96             92
96             91
96             91
96             92
96             92
95             91
96             92
96             91
96             92
96             91
95             92
96             92
96             92
96             92
96             92
95             92
96             92
96             92
96             92
96             92
96             91
96             92
96             91
96             92
95             91
96             91
96             92
96             92
96             92
96             92
96             91
96             92
96             92
96             91
96             91
96             92
96             91
105             87
92             96
92             91
83             94
111             90
98             100
82             113
95             109
89             113
85             117
85             117
80             121
82             120
81             117
78             123
87             118
83             124
79             126
85             124
82             129
83             126
86             130
83             128
73             123
85             109
86             96
85             81
89             61
95             39
92             30
85             21
94             10
84             13
85             11
83             9
83             6
78             6
82             12
69             10
75             18
72             20
65             34
50             40
30             62
29             69
9             77
20             78
24             85
-1             89
25             83
14             90
25             90
56             78
15             107
75             98
77             92
85             87
91             88
115             112
98             91
96             92
97             92
97             92
97             91
97             91
96             91
97             91
96             91
97             91
97             92
96             91
97             92
96             92
97             91
97             91
97             91
97             92
97             92
96             92
97             92
97             91
97             92
97             92
97             91
97             92
97             92
97             91
97             92
97             92
96             92
97             92
97             91
97             91
97             92
97             91
96             91
97             92
97             91
97             92
97             91
97             91
97             91
97             92
97             92
97             91
97             92
99             91
98             92
81             90
105             88
87             98
103             106
103             83
85             86
101             89
85             92
96             89
95             79
101             70
99             71
101             69
93             28
97             80
88             78
92             81
97             84
88             82
89             84
95             85
99             90
95             75
92             89
99             94
96             93
91             95
92             95
99             94
92             93
95             91
90             89
97             91
96             93
96             93
96             93
96             93
95             93
95             93
104             91
96             93
96             93
95             93
96             93
96             93
96             93
96             93
96             93
94             94
96             93
96             93
96             93
96             93
96             93
95             93
96             93
96             93
96             93
96             93
96             93
96             93
96             93
96             93
96             93
96             93
96             93
96             93
95             93
96             93
96             93
96             93
95             93
96             93
96             93
95             93
96             93
96             93
96             93
96             93
95             93
96             93
96             93
96             93
96             93
95             93
96             93
96             93
96             93
96             93
95             93
95             93
96             93
96             93
96             93
96             93
96             93
96             93
96             93
96             93
96             93
96             93
96             93
96             93
95             93
96             93
95             93
96             93
96             93
96             93
96             93
96             93
96             93
96             93
96             93
96             93
96             93
96             93
95             93
95             93
96             93
95             93
96             93
95             93
96             93
96             93
96             93
96             93
96             93
96             93
96             93
96             93
96             93
95             93
96             93
96             93
96             93
96             93
96             93
96             93
96             93
96             93
96             93
96             93
96             93
96             93
96             93
95             93
95             93
96             93
96             93
96             93
96             93
96             93
96             93
96             92
96             93
96             93
96             93
96             93
96             93
96             93
96             93
96             93
96             93
95             93
96             93
95             93
96             93
96             93
96             93
96             93
95             93
95             93
96             93
96             93
96             93
96             93
96             93
96             93
96             93
96             93
95             93
96             93
95             93
96             93
96             93
96             93
95             93
96             93
96             93
95             93
96             93
96             93
96             93
96             93
96             93
95             93
96             93
96             93
96             93
96             93
96             93
96             93
96             93
96             93
96             93
96             93
96             93
96             93
96             93
95             93
96             93
96             93
96             93
95             93
96             93
96             93
96             93
96             93
96             93
95             93
95             93
96             93
95             93
96             93
96             93
96             93
96             93
96             93
95             93
96             93
96             93
96             93
96             92
96             93
96             93
96             93
96             93
96             93
96             93
96             93
95             93
96             93
95             93
95             93
96             93
96             93
95             93
96             93
96             93
95             93
96             93
95             93
96             93
96             93
96             93
96             93
96             93
96             93
96             93
96             93
96             93
96             93
96             93
96             93
96             93
96             93
96             93
96             94
95             93
96             93
95             93
96             93
95             93
96             93
96             93
95             93
95             93
96             93
95             93
96             93
95             93
96             93
95             93
96             93
96             93
96             93
95             93
96             93
96             93
95             93
95             93
96             93
96             93
96             93
95             93
96             93
96             93
95             93
96             94
96             93
96             93
95             93
96             93
95             93
96             93
96             93
95             93
96             93
96             93
96             93
95             93
95             93
96             93
95             93
96             93
95             93
96             93
96             93
96             93
96             93
96             93
96             93
95             93
95             93
96             93
96             93
96             93
96             93
96             93
96             93
96             93
96             93
95             93
96             93
96             93
95             93
95             93
96             93
95             93
96             93
96             93
95             93
95             93
95             93
96             93
96             93
96             94
95             93
95             93
96             93
96             93
96             93
96             93
96             93
96             93
95             93
96             93
95             93
95             93
96             93
96             93
96             93
96             93
96             93
95             93
96             93
96             93
96             93
96             93
96             93
96             93
96             93
96             93
95             93
96             93
96             93
96             93
96             93
96             93
95             93
96             93
96             93
96             93
96             93
96             93
96             93
96             93
96             93
96             93
96             93
96             93
96             93
96             93
95             93
96             93
95             93
95             93
96             93
96             94
97             93
96             94
95             93
96             93
96             93
96             93
96             93
95             93
95             93
95             93
96             93
96             93
96             93
96             93
87             99
