0.04,0.024484,1.6988,902.09
0.05,0.044616,2.3431,902.09
0.06,0.071393,3.0326,902.09
0.07,0.10524,3.763,902.09
0.08,0.14656,4.5316,902.08
0.09,0.19569,5.332,902.08
0.1,0.25289,6.1519,902.07
0.11,0.31831,6.9834,902.06
0.12,0.39208,7.8264,902.05
0.13,0.4743,8.681,902.04
0.14,0.56509,9.5462,902.03
0.15,0.6645,10.412,902.02
0.16,0.77254,11.277,902.01
0.17,0.88918,12.141,902
0.18,1.0144,13.003,901.98
0.19,1.1482,13.864,901.97
0.2,1.2907,14.725,901.95
0.21,1.4416,15.585,901.94
0.22,1.6012,16.445,901.92
0.23,1.7693,17.305,901.9
0.24,1.9459,18.164,901.88
0.25,2.1312,19.022,901.86
0.26,2.3249,19.881,901.84
0.27,2.5273,20.739,901.82
0.28,2.7381,21.597,901.79
0.29,2.9576,22.457,901.77
0.3,3.1856,23.317,901.74
0.31,3.4221,24.178,901.72
0.32,3.6673,25.039,901.69
0.33,3.921,25.901,901.66
0.34,4.1833,26.764,901.63
0.35,4.4543,27.628,901.6
0.36,4.7338,28.492,901.57
0.37,5.0219,29.356,901.54
0.38,5.3187,30.222,901.5
0.39,5.6241,31.087,901.47
0.4,5.9381,31.954,901.43
0.41,6.2607,32.821,901.4
0.425,6.7609,34.122,901.34
0.4475,7.5475,36.076,901.25
0.48125,8.8095,39.011,901.11
0.53125,10.86,43.371,900.88
0.58125,13.129,47.742,900.63
0.63125,15.614,52.12,900.35
0.68125,18.318,56.5,900.05
0.73125,21.24,60.884,899.72
0.78125,24.38,65.269,899.37
0.83125,27.739,69.656,899
0.88125,31.317,74.044,898.61
0.93125,35.114,78.431,898.2
0.98125,39.131,82.816,897.77
1.0313,43.367,87.199,897.32
1.0813,47.824,91.58,896.85
1.1313,52.5,95.958,896.35
1.1813,57.395,100.33,895.83
1.2313,62.51,104.7,895.29
1.2813,67.845,109.07,894.72
1.3313,73.399,113.43,894.13
1.3813,79.172,117.8,893.52
1.4313,85.164,122.16,892.88
1.4813,91.375,126.51,892.22
1.5313,97.805,130.86,891.53
1.5813,104.45,135.21,890.83
1.6313,111.32,139.55,890.1
1.6813,118.4,143.87,889.34
1.7313,125.69,148.17,888.57
1.7813,133.21,152.45,887.77
1.8313,140.93,156.7,886.95
1.8813,148.87,160.93,886.1
1.9313,157.01,165.13,885.24
1.9813,165.37,169.31,884.35
2.0313,173.93,173.45,883.44
2.0813,182.7,177.57,882.5
2.1313,191.68,181.65,881.55
2.1813,200.86,185.71,880.57
2.2303,210.06,189.65,879.59
2.2803,219.64,193.64,878.57
2.3303,229.42,197.58,877.53
2.3803,239.39,201.49,876.47
2.4303,249.56,205.35,875.39
2.4803,259.92,209.17,874.29
2.5303,270.47,212.95,873.17
2.5803,281.21,216.69,872.02
2.6303,292.13,220.39,870.86
2.6803,303.24,224.04,869.68
2.7303,314.53,227.64,868.48
2.7803,326,231.21,867.26
2.8303,337.65,234.72,866.02
2.8803,349.47,238.18,864.76
2.9303,361.46,241.55,863.49
2.9803,373.62,244.83,862.19
3.0303,385.93,248.01,860.88
3.0803,398.41,251,859.56
3.1303,411.02,253.71,858.22
3.1803,423.77,256.1,856.86
3.2303,436.62,258.22,855.49
3.2803,449.58,260.12,854.11
3.3303,462.63,261.81,852.73
3.3803,475.75,263.26,851.33
3.4303,488.95,264.47,849.93
3.4803,502.19,265.44,848.52
3.5303,515.48,266.17,847.1
3.5803,528.8,266.66,845.69
3.6303,542.14,266.95,844.33
3.6803,555.49,267.15,842.98
3.7303,568.85,267.23,841.63
3.7803,582.21,267.18,840.28
3.8303,595.56,267.01,838.92
3.8803,608.9,266.76,837.57
3.9303,622.23,266.44,836.22
3.9803,635.54,266.05,834.88
4.0303,648.83,265.58,833.53
4.0803,662.09,264.99,832.19
4.1303,675.32,264.28,830.85
4.1803,688.51,263.44,829.52
4.2303,701.66,262.47,828.19
4.2803,714.76,261.41,826.86
4.3303,727.8,260.28,825.54
4.3803,740.78,259.15,824.23
4.4303,753.71,258.02,822.92
4.4803,766.58,256.9,821.61
4.5303,779.39,255.79,820.32
4.5803,792.15,254.68,819.03
4.6303,804.86,253.58,817.74
4.6803,817.51,252.49,816.46
4.7303,830.11,251.4,815.18
4.7803,842.65,250.32,813.92
4.8303,855.13,249.25,812.65
4.8803,867.57,248.18,811.39
4.9303,879.95,247.12,810.14
4.9803,892.28,246.06,808.89
5.0303,904.55,245.02,807.65
5.0803,916.77,243.97,806.41
5.1303,928.95,242.94,805.18
5.1803,941.07,241.91,803.95
5.2303,953.13,240.88,802.73
5.2803,965.15,239.86,801.52
5.3303,977.12,238.85,800.3
5.3803,989.03,237.84,799.1
5.4303,1000.9,236.84,797.9
5.4803,1012.7,235.84,796.7
5.5303,1024.5,234.85,795.51
5.5803,1036.2,233.86,794.36
5.6303,1047.9,232.88,793.23
5.6803,1059.5,231.9,792.11
5.7303,1071,230.93,791
5.7803,1082.6,229.97,789.89
5.8303,1094,229,788.79
5.8803,1105.5,228.05,787.69
5.9303,1116.8,227.1,786.59
5.9803,1128.2,226.15,785.5
6.0303,1139.5,225.21,784.42
6.0803,1150.7,224.27,783.34
6.1303,1161.9,223.34,782.26
6.1803,1173,222.41,781.19
6.2303,1184.1,221.48,780.12
6.2803,1195.2,220.56,779.05
6.3303,1206.2,219.65,778
6.3803,1217.1,218.74,776.94
6.4303,1228,217.83,775.89
6.4803,1238.9,216.93,774.84
6.5303,1249.7,216.03,773.8
6.5803,1260.5,215.14,772.77
6.6303,1271.2,214.25,771.73
6.6803,1281.9,213.36,770.7
6.7303,1292.6,212.48,769.68
6.7803,1303.2,211.6,768.66
6.8303,1313.7,210.73,767.64
6.8803,1324.2,209.86,766.63
6.9303,1334.7,208.99,765.62
6.9803,1345.1,208.13,764.62
7.0303,1355.5,207.27,763.62
7.0803,1365.8,206.41,762.63
7.1303,1376.1,205.56,761.63
7.1803,1386.4,204.71,760.65
7.2303,1396.6,203.87,759.66
7.2803,1406.8,203.03,758.69
7.3303,1416.9,202.19,757.71
7.3803,1427,201.36,756.74
7.4303,1437,200.53,755.77
7.4803,1447,199.7,754.81
7.5303,1457,198.87,753.85
7.5803,1466.9,198.05,752.9
7.6303,1476.8,197.23,751.95
7.6803,1486.6,196.42,751
7.7303,1496.4,195.61,750.05
7.7803,1506.2,194.8,749.12
7.8303,1515.9,194,748.18
7.8803,1525.6,193.2,747.25
7.9303,1535.2,192.4,746.35
7.9803,1544.8,191.61,745.47
8.0303,1554.4,190.82,744.59
8.0803,1563.9,190.03,743.72
8.1303,1573.4,189.24,742.86
8.1803,1582.8,188.46,741.99
8.2303,1592.2,187.68,741.13
8.2803,1601.6,186.9,740.28
8.3303,1610.9,186.12,739.42
8.3803,1620.2,185.35,738.57
8.4303,1629.4,184.58,737.73
8.4803,1638.7,183.82,736.89
8.5303,1647.8,183.05,736.05
8.5803,1657,182.29,735.21
8.6303,1666,181.54,734.38
8.6803,1675.1,180.78,733.55
8.7303,1684.1,180.03,732.73
8.7803,1693.1,179.28,731.9
8.8303,1702,178.53,731.09
8.8803,1710.9,177.78,730.27
8.9303,1719.8,177.04,729.46
8.9803,1728.6,176.3,728.65
9.0303,1737.4,175.56,727.85
9.0803,1746.2,174.83,727.05
9.1303,1754.9,174.09,726.25
9.1803,1763.6,173.36,725.46
9.2303,1772.2,172.64,724.66
9.2803,1780.9,171.91,723.88
9.3303,1789.4,171.19,723.09
9.3803,1798,170.47,722.31
9.4303,1806.5,169.75,721.53
9.4803,1814.9,169.03,720.76
9.5303,1823.4,168.31,719.99
9.5803,1831.8,167.6,719.22
9.6303,1840.1,166.89,718.46
9.6803,1848.4,166.18,717.69
9.7303,1856.7,165.47,716.94
9.7803,1865,164.77,716.18
9.8303,1873.2,164.07,715.43
9.8803,1881.4,163.37,714.68
9.9303,1889.5,162.67,713.93
9.9803,1897.7,161.98,713.19
10.03,1905.7,161.29,712.45
10.08,1913.8,160.59,711.72
10.13,1921.8,159.91,710.98
10.18,1929.8,159.22,710.26
10.23,1937.7,158.53,709.53
10.28,1945.6,157.85,708.81
10.33,1953.5,157.17,708.09
10.38,1961.3,156.49,707.37
10.43,1969.1,155.81,706.65
10.48,1976.9,155.13,705.94
10.53,1984.6,154.46,705.24
10.58,1992.3,153.79,704.53
10.63,2000,153.12,703.83
10.68,2007.6,152.45,703.13
10.73,2015.2,151.78,702.44
10.78,2022.8,151.12,701.74
10.83,2030.3,150.45,701.06
10.88,2037.8,149.79,700.4
10.93,2045.3,149.13,699.75
10.98,2052.8,148.48,699.11
11.03,2060.2,147.82,698.46
11.08,2067.5,147.17,697.82
11.13,2074.9,146.51,697.19
11.18,2082.2,145.86,696.55
11.23,2089.4,145.21,695.92
11.28,2096.7,144.56,695.29
11.33,2103.9,143.92,694.66
11.38,2111.1,143.27,694.04
11.43,2118.2,142.63,693.42
11.48,2125.3,141.98,692.8
11.53,2132.4,141.34,692.19
11.58,2139.5,140.7,691.57
11.63,2146.5,140.07,690.97
11.68,2153.5,139.43,690.36
11.73,2160.4,138.8,689.75
11.78,2167.3,138.16,689.15
11.83,2174.2,137.53,688.55
11.88,2181.1,136.9,687.96
11.93,2187.9,136.28,687.37
11.98,2194.7,135.65,686.78
12.03,2201.5,135.03,686.19
12.08,2208.2,134.4,685.6
12.13,2214.9,133.78,685.02
12.18,2221.6,133.16,684.44
12.23,2228.2,132.54,683.86
12.28,2234.8,131.92,683.29
12.33,2241.4,131.3,682.72
12.38,2247.9,130.69,682.15
12.43,2254.4,130.07,681.58
12.48,2260.9,129.45,681.02
12.53,2267.4,128.84,680.46
12.58,2273.8,128.23,679.9
12.63,2280.2,127.62,679.35
12.68,2286.6,127.01,678.79
12.73,2292.9,126.4,678.24
12.78,2299.2,125.79,677.7
12.83,2305.5,125.19,677.15
12.88,2311.7,124.59,676.61
12.93,2317.9,123.98,676.07
12.98,2324.1,123.38,675.53
13.03,2330.2,122.78,675
13.08,2336.4,122.19,674.47
13.13,2342.4,121.59,673.94
13.18,2348.5,121,673.41
13.23,2354.5,120.4,672.89
13.28,2360.5,119.81,672.36
13.33,2366.5,119.22,671.85
13.38,2372.5,118.63,671.33
13.43,2378.4,118.04,670.82
13.48,2384.2,117.45,670.31
13.53,2390.1,116.86,669.8
13.58,2395.9,116.27,669.29
13.63,2401.7,115.68,668.79
13.68,2407.5,115.1,668.29
13.73,2413.2,114.51,667.79
13.78,2418.9,113.93,667.29
13.83,2424.6,113.35,666.8
13.88,2430.3,112.76,666.31
13.93,2435.9,112.18,665.82
13.98,2441.5,111.6,665.33
14.03,2447,111.02,664.85
14.08,2452.6,110.44,664.37
14.13,2458.1,109.87,663.89
14.18,2463.5,109.29,663.42
14.23,2469,108.72,662.94
14.28,2474.4,108.15,662.47
14.33,2479.8,107.58,662
14.38,2485.1,107.01,661.54
14.43,2490.5,106.44,661.08
14.48,2495.8,105.87,660.61
14.53,2501,105.3,660.16
14.58,2506.3,104.73,659.7
14.63,2511.5,104.17,659.25
14.68,2516.7,103.6,658.8
14.73,2521.9,103.04,658.35
14.78,2527,102.48,657.9
14.83,2532.1,101.91,657.47
14.88,2537.2,101.35,657.05
14.93,2542.2,100.79,656.63
14.98,2547.2,100.23,656.22
15.03,2552.2,99.667,655.81
15.08,2557.2,99.107,655.4
15.13,2562.1,98.548,654.99
15.18,2567,97.989,654.59
15.23,2571.9,97.432,654.18
15.28,2576.8,96.876,653.78
15.33,2581.6,96.322,653.38
15.38,2586.4,95.769,652.99
15.43,2591.2,95.216,652.6
15.48,2595.9,94.665,652.2
15.53,2600.6,94.115,651.82
15.58,2605.3,93.566,651.43
15.63,2610,93.017,651.05
15.68,2614.6,92.47,650.66
15.73,2619.2,91.923,650.28
15.78,2623.8,91.377,649.91
15.83,2628.3,90.832,649.53
15.88,2632.8,90.287,649.16
15.93,2637.3,89.742,648.79
15.98,2641.8,89.198,648.42
16.03,2646.3,88.655,648.05
16.08,2650.7,88.111,647.69
16.13,2655,87.568,647.33
16.18,2659.4,87.025,646.97
16.23,2663.7,86.482,646.61
16.28,2668,85.94,646.26
16.33,2672.3,85.398,645.9
16.38,2676.6,84.856,645.55
16.43,2680.8,84.315,645.2
16.48,2685,83.775,644.86
16.53,2689.2,83.237,644.51
16.58,2693.3,82.699,644.17
16.63,2697.4,82.162,643.83
16.68,2701.5,81.626,643.5
16.73,2705.6,81.091,643.16
16.78,2709.6,80.557,642.83
16.83,2713.6,80.025,642.5
16.88,2717.6,79.493,642.17
16.93,2721.5,78.962,641.84
16.98,2725.5,78.432,641.52
17.03,2729.4,77.903,641.2
17.08,2733.3,77.374,640.88
17.13,2737.1,76.845,640.56
17.18,2740.9,76.317,640.24
17.23,2744.7,75.79,639.93
17.28,2748.5,75.263,639.62
17.33,2752.2,74.737,639.31
17.38,2755.9,74.212,639.01
17.43,2759.6,73.687,638.7
17.48,2763.3,73.163,638.4
17.53,2766.9,72.639,638.1
17.58,2770.5,72.116,637.8
17.63,2774.1,71.594,637.51
17.68,2777.7,71.072,637.21
17.73,2781.2,70.55,636.92
17.78,2784.7,70.028,636.63
17.83,2788.2,69.507,636.34
17.88,2791.7,68.985,636.06
17.93,2795.1,68.464,635.78
17.98,2798.5,67.943,635.5
18.03,2801.9,67.423,635.22
18.08,2805.2,66.902,634.94
18.13,2808.5,66.382,634.67
18.18,2811.8,65.862,634.4
18.23,2815.1,65.342,634.13
18.28,2818.4,64.822,633.86
18.33,2821.6,64.303,633.59
18.38,2824.8,63.784,633.33
18.43,2827.9,63.267,633.07
18.48,2831.1,62.75,632.81
18.53,2834.2,62.234,632.55
18.58,2837.3,61.719,632.3
18.63,2840.4,61.205,632.04
18.68,2843.4,60.692,631.79
18.73,2846.4,60.179,631.54
18.78,2849.4,59.668,631.3
18.83,2852.4,59.157,631.05
18.88,2855.3,58.646,630.81
18.93,2858.2,58.136,630.57
18.98,2861.1,57.627,630.33
19.03,2863.9,57.118,630.1
19.08,2866.8,56.609,629.86
19.13,2869.6,56.101,629.63
19.18,2872.4,55.593,629.4
19.23,2875.1,55.086,629.18
19.28,2877.9,54.579,628.95
19.33,2880.6,54.073,628.73
19.38,2883.2,53.567,628.51
19.43,2885.9,53.062,628.29
19.48,2888.5,52.556,628.07
19.53,2891.1,52.052,627.86
19.58,2893.7,51.547,627.64
19.63,2896.3,51.043,627.43
19.68,2898.8,50.54,627.22
19.73,2901.3,50.037,627.02
19.78,2903.8,49.534,626.81
19.83,2906.2,49.031,626.61
19.88,2908.7,48.529,626.41
19.93,2911.1,48.027,626.21
19.98,2913.4,47.526,626.02
20.03,2915.8,47.025,625.82
20.08,2918.1,46.524,625.63
20.13,2920.4,46.023,625.44
20.18,2922.7,45.523,625.25
20.23,2924.9,45.023,625.07
20.28,2927.2,44.523,624.88
20.33,2929.4,44.023,624.7
20.38,2931.5,43.524,624.52
20.43,2933.7,43.024,624.35
20.48,2935.8,42.525,624.17
20.53,2937.9,42.027,624
20.58,2940,41.528,623.83
20.63,2942,41.029,623.66
20.68,2944.1,40.531,623.49
20.73,2946.1,40.033,623.32
20.78,2948,39.535,623.16
20.83,2950,39.038,623
20.88,2951.9,38.541,622.84
20.93,2953.8,38.044,622.69
20.98,2955.7,37.548,622.53
21.03,2957.5,37.051,622.38
21.08,2959.4,36.555,622.23
21.13,2961.2,36.06,622.08
21.18,2962.9,35.564,621.93
21.23,2964.7,35.068,621.79
21.28,2966.4,34.573,621.65
21.33,2968.1,34.078,621.51
21.38,2969.8,33.584,621.37
21.43,2971.4,33.09,621.23
21.48,2973.1,32.597,621.1
21.53,2974.7,32.105,620.97
21.58,2976.2,31.613,620.84
21.63,2977.8,31.122,620.71
21.68,2979.3,30.632,620.58
21.73,2980.8,30.142,620.46
21.78,2982.3,29.653,620.34
21.83,2983.7,29.164,620.22
21.88,2985.2,28.675,620.1
21.93,2986.6,28.187,619.98
21.98,2988,27.699,619.87
22.03,2989.3,27.211,619.76
22.08,2990.6,26.723,619.65
22.13,2991.9,26.236,619.54
22.18,2993.2,25.75,619.44
22.23,2994.5,25.264,619.33
22.28,2995.7,24.779,619.23
22.33,2996.9,24.294,619.13
22.38,2998.1,23.81,619.03
22.43,2999.2,23.327,618.94
22.48,3000.4,22.844,618.85
22.53,3001.5,22.362,618.75
22.58,3002.6,21.881,618.67
22.63,3003.6,21.4,618.58
22.68,3004.7,20.92,618.49
22.73,3005.7,20.441,618.41
22.78,3006.6,19.962,618.33
22.83,3007.6,19.485,618.25
22.88,3008.5,19.008,618.17
22.93,3009.4,18.532,618.1
22.98,3010.3,18.057,618.02
23.03,3011.2,17.584,617.95
23.08,3012,17.111,617.88
23.13,3012.8,16.639,617.82
23.18,3013.6,16.169,617.75
23.23,3014.4,15.7,617.69
23.28,3015.1,15.232,617.63
23.33,3015.8,14.766,617.57
23.38,3016.5,14.302,617.51
23.43,3017.2,13.84,617.46
23.48,3017.8,13.379,617.41
23.53,3018.4,12.922,617.36
23.58,3019,12.467,617.31
23.63,3019.6,12.015,617.26
23.68,3020.1,11.566,617.22
23.73,3020.7,11.121,617.17
23.78,3021.1,10.68,617.13
23.83,3021.6,10.244,617.09
23.88,3022.1,9.8119,617.06
23.93,3022.5,9.386,617.02
23.98,3022.9,8.9667,616.99
24.03,3023.2,8.5549,616.96
24.08,3023.6,8.1515,616.93
24.13,3023.9,7.7583,616.9
24.18,3024.2,7.3765,616.88
24.23,3024.5,7.0085,616.86
24.28,3024.7,6.6565,616.84
24.33,3024.9,6.3228,616.82
24.38,3025.1,6.0104,616.8
24.43,3025.3,5.7229,616.79
24.48,3025.5,5.4639,616.78
24.53,3025.6,5.2365,616.77
24.58,3025.7,5.0463,616.76
24.63,3025.8,4.8976,616.75
24.68,3025.8,4.7944,616.75
24.73,3025.8,4.7395,616.75
24.78,3025.8,4.735,616.74
24.83,3025.8,4.7808,616.75
24.88,3025.8,4.8757,616.75
24.93,3025.7,5.0168,616.76
24.98,3025.6,5.2004,616.76
25.03,3025.5,5.422,616.77
25.08,3025.3,5.6772,616.79
25.13,3025.2,5.9618,616.8
25.18,3025,6.2718,616.82
25.23,3024.8,6.6035,616.83
25.28,3024.5,6.954,616.85
25.384,3023.9,5.8438,616.88
25.439,3023.6,6.3139,616.9
25.494,3023.2,6.8476,616.93
25.55,3022.8,7.3174,616.96
25.606,3022.4,7.7861,617
25.663,3021.9,8.3635,617.03
25.722,3021.4,8.877,617.07
25.781,3020.8,9.3445,617.11
25.841,3020.2,9.7882,617.16
25.903,3019.6,10.263,617.21
25.965,3018.9,10.756,617.26
26.029,3018.2,11.318,617.32
26.095,3017.4,11.807,617.38
26.162,3016.6,12.312,617.44
26.231,3015.7,12.762,617.51
26.302,3014.8,13.203,617.58
26.376,3013.7,13.689,617.66
26.451,3012.7,14.133,617.74
26.529,3011.5,14.62,617.83
26.61,3010.3,15.1,617.93
26.695,3008.9,15.601,618.03
26.783,3007.5,16.116,618.14
26.876,3005.9,16.607,618.26
26.973,3004.2,17.083,618.39
27.076,3002.4,17.584,618.53
27.186,3000.4,18.069,618.68
27.303,2998.2,18.571,618.84
27.429,2995.8,19.074,619.03
27.565,2993.1,19.568,619.23
27.714,2990,20.073,619.45
27.88,2986.6,20.569,619.7
28.065,2982.6,21.102,619.98
28.277,2978,21.586,620.31
28.528,2972.4,22.054,620.69
28.834,2965.4,22.554,621.15
29.228,2956.3,23.059,621.73
29.728,2944.4,23.553,622.48
30.228,2932.3,23.99,623.46
30.728,2920.1,24.252,624.46
31.228,2907.9,24.412,625.46
31.728,2895.7,24.501,626.47
32.228,2883.4,24.545,627.48
32.728,2871.1,24.573,628.49
33.228,2858.8,24.575,629.51
33.728,2846.5,24.575,630.52
34.228,2834.2,24.583,631.53
34.728,2822,24.553,632.55
35.228,2809.7,24.544,633.56
35.728,2797.4,24.533,634.57
36.228,2785.2,24.527,635.58
36.728,2773,24.506,636.59
37.228,2760.7,24.496,637.6
37.728,2748.5,24.465,638.61
38.228,2736.3,24.465,639.62
38.728,2724.1,24.43,640.63
39.228,2711.9,24.417,641.64
39.728,2699.7,24.407,642.64
40.228,2687.5,24.388,643.65
40.728,2675.3,24.388,644.65
41.228,2663.1,24.36,645.66
41.728,2650.9,24.341,646.66
42.228,2638.8,24.429,647.67
42.728,2626.7,24.309,648.67
43.228,2614.5,24.298,649.67
43.728,2602.4,24.27,650.67
44.228,2590.3,24.265,651.67
44.728,2578.1,24.261,652.67
45.228,2566,24.231,653.67
45.728,2553.9,24.226,654.67
46.228,2541.8,24.208,655.67
46.728,2529.7,24.19,656.67
47.228,2517.6,24.177,657.66
47.728,2505.6,24.17,658.71
48.228,2493.5,24.155,659.76
48.728,2481.4,24.131,660.81
49.228,2469.4,24.121,661.86
49.728,2457.3,24.101,662.91
50.228,2445.3,24.102,663.95
50.728,2433.3,24.07,665
51.228,2421.2,24.067,666.05
51.728,2409.2,24.038,667.09
52.228,2397.2,24.021,668.13
52.728,2385.2,24.018,669.18
53.228,2373.2,23.991,670.22
53.728,2361.2,23.98,671.26
54.228,2349.3,23.971,672.3
54.728,2337.3,23.946,673.34
55.228,2325.3,23.932,674.38
55.728,2313.4,23.919,675.42
56.228,2301.4,23.928,676.46
56.728,2289.5,23.886,677.5
57.228,2277.6,23.874,678.54
57.728,2265.6,23.865,679.57
58.228,2253.7,23.864,680.61
58.728,2241.8,23.823,681.65
59.228,2229.9,23.823,682.68
59.728,2218,23.8,683.71
60.228,2206.1,23.796,684.75
60.728,2194.3,23.766,685.78
61.228,2182.4,23.754,686.81
61.728,2170.5,23.741,687.84
62.228,2158.7,23.727,688.88
62.728,2146.8,23.73,689.91
63.228,2135,23.718,690.94
63.728,2123.1,23.679,691.97
64.228,2111.3,23.675,692.99
64.728,2099.5,23.66,694.02
65.228,2087.7,23.639,695.05
65.728,2075.8,23.629,696.08
66.228,2064,23.612,697.1
66.728,2052.2,23.614,698.13
67.228,2040.5,23.598,699.15
67.728,2028.7,23.567,700.18
68.228,2016.9,23.607,701.21
68.728,2005.1,23.532,702.28
69.228,1993.4,23.523,703.36
69.728,1981.6,23.52,704.43
70.228,1969.9,23.498,705.51
70.728,1958.2,23.487,706.58
71.228,1946.4,23.471,707.66
71.728,1934.7,23.487,708.73
72.228,1923,23.436,709.8
72.728,1911.3,23.425,710.88
73.228,1899.6,23.438,711.95
73.728,1887.9,23.397,713.02
74.228,1876.2,23.381,714.09
74.728,1864.5,23.371,715.16
75.228,1852.8,23.361,716.22
75.728,1841.2,23.346,717.29
76.228,1829.5,23.353,718.36
76.728,1817.9,23.317,719.43
77.228,1806.2,23.324,720.49
77.728,1794.6,23.292,721.56
78.228,1783,23.282,722.62
78.728,1771.3,23.258,723.69
79.228,1759.7,23.245,724.75
79.728,1748.1,23.251,725.81
80.228,1736.5,23.211,726.87
80.728,1724.9,23.201,727.93
81.228,1713.3,23.22,729
81.728,1701.7,23.184,730.06
82.228,1690.2,23.168,731.11
82.728,1678.6,23.159,732.17
83.228,1667,23.128,733.23
83.728,1655.5,23.117,734.29
84.228,1643.9,23.107,735.35
84.728,1632.4,23.102,736.4
85.228,1620.9,23.079,737.46
85.728,1609.3,23.09,738.51
86.228,1597.8,23.051,739.57
86.728,1586.3,23.04,740.62
87.228,1574.8,23.026,741.68
87.728,1563.3,23.015,742.73
88.228,1551.8,23.003,743.78
88.728,1540.3,22.994,744.83
89.228,1528.8,22.975,745.88
89.728,1517.3,22.973,746.94
90.228,1505.9,22.968,748.05
90.728,1494.4,22.936,749.15
91.228,1482.9,22.918,750.25
91.728,1471.5,22.952,751.36
92.228,1460,22.938,752.46
92.728,1448.6,22.872,753.56
93.228,1437.2,22.867,754.66
93.728,1425.8,22.849,755.76
94.228,1414.4,22.836,756.86
94.728,1402.9,22.825,757.96
95.228,1391.5,22.817,759.05
95.728,1380.1,22.814,760.15
96.228,1368.8,22.784,761.25
96.728,1357.4,22.78,762.35
97.228,1346,22.758,763.44
97.728,1334.6,22.748,764.54
98.228,1323.3,22.776,765.63
98.728,1311.9,22.746,766.72
99.228,1300.6,22.695,767.82
99.728,1289.2,22.691,768.91
100.23,1277.9,22.686,770
100.73,1266.6,22.677,771.09
101.23,1255.2,22.65,772.18
101.73,1243.9,22.68,773.27
102.23,1232.6,22.622,774.36
102.73,1221.3,22.611,775.45
103.23,1210,22.603,776.54
103.73,1198.7,22.599,777.62
104.23,1187.4,22.58,778.71
104.73,1176.2,22.563,779.8
105.23,1164.9,22.554,780.88
105.73,1153.6,22.549,781.97
106.23,1142.4,22.525,783.05
106.73,1131.1,22.533,784.14
107.23,1119.9,22.498,785.22
107.73,1108.6,22.495,786.3
108.23,1097.4,22.476,787.38
108.73,1086.2,22.464,788.46
109.23,1074.9,22.452,789.55
109.73,1063.7,22.443,790.63
110.23,1052.5,22.448,791.71
110.73,1041.3,22.425,792.78
111.23,1030.1,22.397,793.86
111.73,1018.9,22.388,794.94
112.23,1007.7,22.386,796.07
112.73,996.57,22.366,797.2
113.23,985.4,22.403,798.34
113.73,974.24,22.335,799.47
114.23,963.08,22.319,800.6
114.73,951.93,22.311,801.73
115.23,940.78,22.332,802.85
115.73,929.64,22.321,803.98
116.23,918.51,22.274,805.11
116.73,907.39,22.256,806.24
117.23,896.27,22.278,807.36
117.73,885.16,22.25,808.49
118.23,874.05,22.227,809.61
118.73,862.95,22.211,810.74
119.23,851.86,22.197,811.86
119.73,840.77,22.191,812.98
120.23,829.69,22.188,814.11
120.73,818.61,22.169,815.23
121.23,807.54,22.157,816.35
121.73,796.48,22.166,817.47
122.23,785.42,22.117,818.59
122.73,774.37,22.118,819.71
123.23,763.32,22.108,820.83
123.73,752.28,22.089,821.94
124.23,741.25,22.078,823.06
124.73,730.22,22.075,824.18
125.23,719.2,22.052,825.29
125.73,708.18,22.042,826.41
126.23,697.17,22.035,827.53
126.73,686.17,22.044,828.64
127.23,675.17,22.017,829.75
127.73,664.18,21.992,830.87
128.23,653.2,21.985,831.98
128.73,642.22,21.965,833.09
129.23,631.24,21.971,834.2
129.73,620.27,21.944,835.31
130.23,609.31,21.932,836.42
130.73,598.35,21.923,837.53
131.23,587.4,21.91,838.64
131.73,576.46,21.909,839.75
132.23,565.52,21.889,840.86
132.73,554.58,21.888,841.97
133.23,543.66,21.86,843.07
133.73,532.73,21.859,844.18
133.74,532.53,21.841,845.28
133.75,532.32,21.343,845.3
133.76,532.11,20.844,845.32
133.77,531.89,20.344,845.35
133.78,531.65,19.843,845.37
133.79,531.41,19.342,845.39
133.81,531.17,18.841,845.42
133.82,530.91,18.34,845.44
133.84,530.63,17.84,845.47
133.85,530.35,17.34,845.5
133.87,530.05,16.84,845.52
133.89,529.74,16.339,845.55
133.91,529.41,15.839,845.59
133.94,529.06,15.34,845.62
133.96,528.68,14.841,845.66
133.99,528.28,14.343,845.7
134.02,527.84,13.846,845.74
134.06,527.37,13.346,845.79
134.1,526.85,12.848,845.84
134.15,526.28,12.36,845.89
134.2,525.62,11.845,845.96
134.27,524.86,11.35,846.03
134.36,523.97,10.867,846.11
134.47,522.83,10.355,846.2
134.63,521.28,9.8543,846.32
134.9,518.79,9.355,846.49
135.4,514.44,8.8597,846.75
135.9,510.17,8.5816,847.21
136.4,505.88,8.6133,847.67
136.9,501.6,8.5676,848.13
137.4,497.31,8.5853,848.58
137.9,493.02,8.5778,849.04
138.4,488.73,8.5799,849.49
138.79,485.39,8.6466,849.95
139.29,481.11,8.5563,850.31
139.61,478.38,8.6748,850.76
140.11,474.1,8.5386,851.05
140.61,469.82,8.593,851.51
141.11,465.54,8.5556,851.96
141.61,461.26,8.5693,852.42
141.97,458.23,8.6495,852.87
142.47,453.96,8.5572,853.19
142.97,449.69,8.5556,853.65
143.34,446.53,8.6369,854.1
143.76,442.91,8.585,854.44
144.26,438.64,8.5335,854.82
144.44,437.13,8.873,855.28
144.71,434.79,8.6329,855.44
145.11,431.46,8.5562,855.69
145.61,427.2,8.532,856.04
146.11,422.93,8.5524,856.5
146.61,418.66,8.5457,856.95
147.11,414.38,8.5467,857.4
147.61,410.11,8.5437,857.86
148.04,406.39,8.5992,858.31
148.54,402.13,8.5392,858.71
149.04,397.87,8.5445,859.16
149.54,393.6,8.5294,859.62
150,389.65,8.5867,860.07
150.5,385.39,8.5109,860.49
151,381.13,8.5388,860.94
151.5,376.87,8.5344,861.4
152,372.61,8.5308,861.85
152.5,368.35,8.5394,862.3
153,364.09,8.5161,862.76
153.41,360.67,8.5904,863.21
153.74,357.84,8.588,863.57
154.24,353.59,8.5084,863.87
154.74,349.34,8.5105,864.32
155.1,346.24,8.5966,864.78
155.46,343.21,8.566,865.11
155.96,338.96,8.4769,865.43
156.46,334.71,8.5158,865.88
156.96,330.45,8.5374,866.33
157.46,326.2,8.4928,866.79
157.96,321.95,8.5124,867.24
158.46,317.7,8.5165,867.69
158.96,313.45,8.5001,868.14
159.46,309.21,8.5067,868.59
159.96,304.96,8.5032,869.05
160.46,300.71,8.4959,869.5
160.96,296.47,8.5291,869.95
161.46,292.23,8.4969,870.4
161.96,287.99,8.4943,870.85
162.46,283.74,8.4851,871.3
162.96,279.5,8.4955,871.75
163.42,275.59,8.5341,872.21
163.87,271.8,8.5129,872.62
164.3,268.18,8.5163,873.03
164.63,265.42,8.5531,873.41
164.91,263.07,8.5744,873.7
165.41,258.85,8.4608,873.95
165.91,254.62,8.4659,874.4
166.41,250.38,8.4774,874.85
166.91,246.14,8.4864,875.3
167.41,241.91,8.4662,875.75
167.91,237.67,8.4729,876.2
168.36,233.84,8.5216,876.66
168.8,230.09,8.4956,877.06
169.3,225.87,8.4526,877.46
169.64,222.99,8.5531,877.91
170.14,218.77,8.4311,878.22
170.64,214.54,8.4813,878.67
171.14,210.32,8.4564,879.12
171.64,206.09,8.456,879.57
171.93,203.71,8.5883,880.01
172.43,199.49,8.4338,880.27
172.93,195.27,8.4685,880.72
173.43,191.05,8.446,881.17
173.93,186.82,8.4583,881.62
174.43,182.6,8.4558,882.06
174.73,180.01,8.5526,882.51
175.23,175.81,8.4429,882.79
175.73,171.59,8.4396,883.24
176.23,167.37,8.45,883.68
176.73,163.15,8.443,884.13
177.23,158.94,8.4458,884.58
177.68,155.2,8.4861,885.03
178.18,150.99,8.4116,885.43
178.68,146.78,8.4395,885.88
179.1,143.21,8.4893,886.32
179.6,139,8.4015,886.7
180.1,134.78,8.4335,887.15
180.6,130.57,8.4282,887.6
180.98,127.42,8.5006,888.05
181.48,123.22,8.4083,888.38
181.98,119.01,8.4213,888.83
182.48,114.8,8.4231,889.28
182.98,110.59,8.4298,889.73
183.48,106.39,8.4276,890.17
183.98,102.18,8.4079,890.62
184.48,97.977,8.4188,891.07
184.96,93.944,8.4566,891.51
185.46,89.749,8.4105,891.94
185.96,85.552,8.435,892.39
186.41,81.747,8.4403,892.84
186.81,78.391,8.4465,893.24
187.31,74.199,8.3885,893.6
187.81,70,8.4036,894.04
188.31,65.8,8.3986,894.49
188.81,61.601,8.4008,894.94
189.31,57.404,8.4004,895.38
189.81,53.212,8.4293,895.83
190.31,49.02,8.381,896.28
190.81,44.825,8.3932,896.72
191.31,40.635,8.4262,897.17
191.69,37.432,8.4417,897.61
192.19,33.249,8.3727,897.96
192.62,29.715,8.4407,898.4
193.12,25.529,8.3556,898.78
193.62,21.338,8.3932,899.25
194.04,17.756,8.4359,899.71
194.54,13.578,8.3892,900.11
194.91,10.509,8.4398,900.58
195.41,6.3345,8.3837,900.92
195.91,2.1515,8.357,901.39
