0.221689000000000
0.174986000000000
0.282014000000000
0.376317000000000
0.237855000000000
0.283510000000000
0.274080000000000
0.267494000000000
0.289049000000000
0.287851000000000
0.252375000000000
0.126786000000000
0.180824000000000
0.290097000000000
0.382155000000000
0.216899000000000
0.0588280000000000
0.356109000000000
0.398022000000000
0.291444000000000
0.252824000000000
0.177082000000000
0.225431000000000
0.186812000000000
0.437840000000000
0.370629000000000
0.325872000000000
0.395927000000000
0.372126000000000
0.0549360000000000
0.180076000000000
0.449964000000000
0.354613000000000
0.308508000000000
0.230072000000000
0.405806000000000
0.130529000000000
0.0856220000000000
0.149090000000000
0.132175000000000
0.0613720000000000
0.00748400000000000
-0.0252970000000000
-0.0487990000000000
0.0854720000000000
0.170495000000000
0.239502000000000
0.0444580000000000
0.189057000000000
0.274978000000000
0.243094000000000
0.167502000000000
0.251178000000000
0.125589000000000
0.249830000000000
0.427661000000000
0.00538900000000000
0.280816000000000
0.991837000000000
0.586181000000000
0.355960000000000
0.218845000000000
0.396825000000000
0.583187000000000
0.300725000000000
0.357008000000000
0.255219000000000
0.296384000000000
0.347428000000000
0.561482000000000
0.414488000000000
0.383652000000000
0.520019000000000
0.547861000000000
0.590971000000000
0.542771000000000
0.492925000000000
0.490829000000000
0.421374000000000
0.420027000000000
0.519719000000000
0.301473000000000
0.455054000000000
0.587379000000000
0.305814000000000
0.307760000000000
0.421523000000000
0.353116000000000
0.293839000000000
0.0350270000000000
0.310454000000000
0.190703000000000
0.330213000000000
0.564326000000000
0.428110000000000
0.242196000000000
0.315394000000000
0.0136220000000000
0.395777000000000
0.683928000000000
0.536933000000000
0.721649000000000
0.726589000000000
0.0784370000000000
0.432301000000000
0.351319000000000
0.873134000000000
0.678389000000000
0.533940000000000
0.445324000000000
0.424218000000000
0.620160000000000
0.618813000000000
0.513732000000000
0.308059000000000
0.277373000000000
0.409997000000000
0.289199000000000
0.246837000000000
0.403860000000000
0.352816000000000
0.218096000000000
0.138462000000000
0.218246000000000
0.494721000000000
0.617765000000000
0.567470000000000
0.384850000000000
0.334105000000000
0.547861000000000
0.740061000000000
0.616418000000000
0.642165000000000
0.666115000000000
0.512235000000000
0.520168000000000
0.539478000000000
0.334105000000000
0.360450000000000
0.517773000000000
0.542771000000000
0.521366000000000
0.318538000000000
0.378712000000000
0.455353000000000
0.474962000000000
0.502056000000000
0.413141000000000
0.456251000000000
0.583187000000000
0.371827000000000
0.417332000000000
0.402812000000000
0.440384000000000
0.400417000000000
0.427661000000000
0.308209000000000
0.348924000000000
0.410147000000000
0.480052000000000
0.338746000000000
0.305066000000000
0.615670000000000
0.453707000000000
0.268691000000000
0.399968000000000
0.468376000000000
0.402812000000000
0.387694000000000
0.342787000000000
0.466879000000000
0.439187000000000
0.361798000000000
0.308059000000000
0.259261000000000
0.169597000000000
0.327968000000000
0.395927000000000
0.407153000000000
0.377814000000000
0.405507000000000
0.361199000000000
0.417332000000000
0.368683000000000
0.403261000000000
0.474513000000000
0.446521000000000
0.302970000000000
0.277224000000000
0.307910000000000
0.452359000000000
0.482447000000000
0.439187000000000
0.408051000000000
0.418230000000000
0.365091000000000
0.434397000000000
0.467927000000000
0.384101000000000
0.644260000000000
0.552950000000000
0.410297000000000
0.365091000000000
0.449665000000000
0.446372000000000
0.553399000000000
0.541424000000000
0.418679000000000
0.521665000000000
0.548459000000000
0.312999000000000
0.308508000000000
0.361498000000000
0.401615000000000
0.436043000000000
0.490530000000000
0.540227000000000
0.508044000000000
0.383802000000000
0.102836000000000
0.358205000000000
0.327220000000000
0.434097000000000
0.496967000000000
0.470023000000000
0.390987000000000
0.343236000000000
0.451461000000000
0.559686000000000
0.507744000000000
0.305365000000000
0.515678000000000
0.601599000000000
0.686023000000000
0.257614000000000
0.237406000000000
0.440833000000000
0.264650000000000
0.324076000000000
0.643212000000000
0.605940000000000
0.443827000000000
0.513283000000000
0.519420000000000
0.540975000000000
0.464783000000000
0.377665000000000
0.269739000000000
0.429906000000000
0.445324000000000
0.355361000000000
0.452509000000000
0.464334000000000
0.315694000000000
0.240999000000000
0.339344000000000
0.270038000000000
0.303419000000000
0.383503000000000
0.459395000000000
0.436193000000000
0.386047000000000
0.673899000000000
0.719554000000000
0.548310000000000
0.534987000000000
0.307910000000000
0.509391000000000
0.649948000000000
0.536335000000000
0.468675000000000
0.361049000000000
0.504750000000000
0.660576000000000
0.657433000000000
0.524210000000000
0.413291000000000
0.492027000000000
0.456102000000000
0.999172000000000
0.0140710000000000
0.302072000000000
0.546813000000000
0.581990000000000
0.459694000000000
0.471669000000000
0.510888000000000
0.718506000000000
0.512834000000000
0.371827000000000
0.568218000000000
0.728385000000000
0.459395000000000
0.510588000000000
0.456102000000000
0.470771000000000
0.428708000000000
0.521216000000000
0.511786000000000
0.447569000000000
0.422422000000000
0.429008000000000
0.426463000000000
0.362247000000000
0.414787000000000
0.613275000000000
0.591570000000000
0.654439000000000
0.515528000000000
0.523461000000000
0.615670000000000
0.569865000000000
0.354912000000000
0.558938000000000
0.609383000000000
0.517324000000000
0.464185000000000
0.392035000000000
0.363594000000000
0.489482000000000
0.455952000000000
0.279469000000000
0.171394000000000
0.120350000000000
0.0152680000000000
-0.150886000000000
-0.162712000000000
-0.305066000000000
-0.435744000000000
-0.439636000000000
-0.370779000000000
-0.485590000000000
-0.434846000000000
-0.392035000000000
-0.472268000000000
-0.608335000000000
-0.232916000000000
0.134420000000000
0.196242000000000
0.563428000000000
0.484243000000000
0.354613000000000
0.708776000000000
1.04377900000000
1.22744800000000
1.28268300000000
1.26951000000000
1.25274500000000
1.31815900000000
1.40482900000000
1.48506200000000
1.66917900000000
1.51155700000000
1.34899500000000
1.18718100000000
1.23163900000000
1.22699800000000
1.47727800000000
1.56230100000000
1.51170600000000
1.68759100000000
1.74402300000000
1.66394000000000
1.46964400000000
1.41904900000000
1.41141500000000
1.48805600000000
1.78458900000000
1.76393200000000
1.53625500000000
1.46650000000000
1.52847200000000
1.82081400000000
1.71752800000000
0.713416000000000
-0.201481000000000
-0.215103000000000
0.0254470000000000
0.317490000000000
-0.407602000000000
-0.650996000000000
-0.976719000000000
-1.09422500000000
-0.850232000000000
-0.557141000000000
-0.636926000000000
-0.520318000000000
-0.436941000000000
-0.537832000000000
-0.389191000000000
-0.296683000000000
-0.155377000000000
-0.266596000000000
-0.344883000000000
-0.602796000000000
-0.668959000000000
-0.678689000000000
-0.661624000000000
-0.622855000000000
-0.381257000000000
-0.120350000000000
-0.235161000000000
-0.275128000000000
0.0603250000000000
-0.0555350000000000
-0.386197000000000
-0.480800000000000
-0.304766000000000
0.313748000000000
0.930764000000000
1.87245600000000
2.60697900000000
2.45444600000000
1.84566200000000
1.83084300000000
1.94191200000000
2.00448200000000
1.60421400000000
1.40662500000000
1.26157700000000
0.952769000000000
1.01953000000000
0.938399000000000
0.662971000000000
0.336500000000000
0.423469000000000
0.622705000000000
0.945733000000000
0.397573000000000
0.266446000000000
0.659678000000000
0.511935000000000
0.490231000000000
0.252375000000000
0.160616000000000
0.197589000000000
0.634680000000000
0.660726000000000
0.515678000000000
-0.171693000000000
-0.666115000000000
0.0914600000000000
0.818648000000000
-0.266895000000000
-0.880619000000000
-0.783920000000000
-1.14661600000000
-1.42129400000000
-1.28268300000000
-1.27055800000000
-0.712219000000000
-0.617167000000000
-0.400268000000000
-0.300874000000000
0.0161660000000000
0.00763400000000000
-0.0972980000000000
-0.465083000000000
-0.805026000000000
-0.731978000000000
-0.667761000000000
-0.531545000000000
-0.743354000000000
-0.802930000000000
-0.630489000000000
-0.260907000000000
-0.241747000000000
-0.265548000000000
-0.185464000000000
-0.0270940000000000
-0.271086000000000
-0.879421000000000
-0.873883000000000
1.06862800000000
2.75726600000000
3.41874100000000
2.97027300000000
2.14668600000000
1.48221800000000
1.06039500000000
0.935255000000000
1.36201800000000
1.03330100000000
0.554597000000000
0.224533000000000
0.114063000000000
0.0907110000000000
0.137265000000000
0.385149000000000
0.589923000000000
0.509241000000000
0.343835000000000
0.454305000000000
0.733624000000000
0.562381000000000
0.329315000000000
0.132924000000000
0.0863700000000000
-0.276924000000000
-0.0803830000000000
0.157473000000000
-0.00194600000000000
-0.725392000000000
-0.387544000000000
0.570613000000000
0.144450000000000
-0.865350000000000
-0.832569000000000
-0.831820000000000
-0.958307000000000
-0.938997000000000
-1.02611600000000
-0.715662000000000
-0.614472000000000
-0.515229000000000
-0.460742000000000
-0.0751440000000000
0.0510440000000000
0.0868190000000000
-0.164658000000000
-0.106129000000000
-0.00688600000000000
-0.582439000000000
-0.880020000000000
-0.740360000000000
-0.733924000000000
-0.545316000000000
-0.436941000000000
-0.408800000000000
-0.317041000000000
-0.405357000000000
-0.165107000000000
-0.156874000000000
-1.00560900000000
-1.10470300000000
0.672252000000000
2.43199300000000
3.46948500000000
2.81669300000000
1.59508300000000
0.880469000000000
0.780028000000000
0.565225000000000
0.870889000000000
0.820743000000000
0.270787000000000
-0.131127000000000
-0.205074000000000
-0.00987900000000000
-0.0832270000000000
0.0345780000000000
0.228425000000000
0.343236000000000
0.476010000000000
0.516127000000000
0.587229000000000
0.198637000000000
-0.0235010000000000
-0.0814310000000000
-0.0115260000000000
0.378114000000000
0.620609000000000
0.346380000000000
-0.480201000000000
-1.30603400000000
-0.108824000000000
1.25379300000000
0.208816000000000
-0.798440000000000
-0.906365000000000
-0.888852000000000
-0.662522000000000
-0.498613000000000
-0.0993930000000000
-0.0896640000000000
-0.226928000000000
-0.245490000000000
-0.142504000000000
-0.0294890000000000
-0.0170650000000000
-0.131726000000000
-0.234113000000000
-0.573158000000000
-0.980760000000000
-0.811463000000000
-0.735570000000000
-0.844394000000000
-0.728834000000000
-0.603545000000000
-0.679886000000000
-0.562830000000000
-0.314795000000000
-0.807870000000000
-0.797691000000000
-1.21098200000000
-0.808020000000000
1.49419300000000
2.75457200000000
2.27990900000000
1.71797700000000
1.30363900000000
1.10275700000000
0.611478000000000
0.625100000000000
0.509091000000000
0.278720000000000
0.184267000000000
0.121248000000000
0.159269000000000
0.234562000000000
0.337099000000000
0.449515000000000
0.471669000000000
0.439785000000000
0.669857000000000
0.629291000000000
0.650397000000000
0.928819000000000
0.757425000000000
0.354164000000000
0.279020000000000
0.347877000000000
0.318089000000000
0.274379000000000
0.0514930000000000
-0.374521000000000
-0.451761000000000
0.589923000000000
0.221539000000000
-0.742306000000000
-0.963995000000000
-0.889450000000000
-0.776435000000000
-0.822090000000000
-0.701741000000000
-0.607587000000000
-0.663720000000000
-0.379461000000000
-0.0700540000000000
-0.406555000000000
-0.460892000000000
-0.118254000000000
-0.237855000000000
-0.505199000000000
-0.632285000000000
-1.13733500000000
-1.41845000000000
-1.50272500000000
-1.17670300000000
-0.871937000000000
-1.14422100000000
-0.972378000000000
-0.658032000000000
-0.947530000000000
-1.16023700000000
-0.996777000000000
-1.30244200000000
-1.53850100000000
-1.03225300000000
0.346230000000000
1.80524600000000
2.72104200000000
3.11292700000000
3.64836300000000
3.91765300000000
3.99444400000000
4.13709700000000
3.92738300000000
3.49837500000000
2.79483800000000
3.39793400000000
3.12145900000000
2.46731900000000
0.610281000000000
-0.968935000000000
-0.362396000000000
0.535886000000000
-0.285456000000000
-1.07731000000000
-0.162113000000000
0.658181000000000
-0.992885000000000
-2.40909000000000
-2.15911000000000
0.349373000000000
2.19758000000000
-1.44749000000000
-5.81301200000000
-2.15581700000000
-1.20394600000000
-3.34838700000000
-3.50496100000000
-2.26538900000000
-0.452359000000000
1.33223000000000
0.648002000000000
-0.636327000000000
-0.439336000000000
1.16891900000000
2.41283200000000
2.40325200000000
1.88068900000000
1.76483000000000
1.14901100000000
3.84415600000000
14.5160640000000
-3.75554000000000
3.87783600000000
4.96921600000000
0.683928000000000
0.0344280000000000
-0.781525000000000
-0.948727000000000
-0.928968000000000
-1.00755500000000
-1.04767100000000
-0.262704000000000
0.106429000000000
0.390987000000000
-1.02102700000000
-1.63999000000000
-0.884810000000000
-0.709375000000000
-0.763113000000000
-5.53683600000000
-9.04344400000000
-0.954864000000000
-2.83660100000000
-3.83981500000000
-3.63144800000000
-2.24308500000000
-0.926873000000000
0.603844000000000
1.34315700000000
1.12715600000000
1.41785200000000
1.78354100000000
2.18036600000000
2.36208800000000
2.80172400000000
2.77867200000000
2.21389600000000
1.78578600000000
5.98290800000000
-6.47179200000000
3.61034200000000
2.86938300000000
-2.08591200000000
-1.81003600000000
-1.96631100000000
-0.694556000000000
0.0158670000000000
0.124990000000000
-0.690514000000000
-0.289648000000000
0.411494000000000
-0.625549000000000
-2.12752600000000
-2.71011400000000
-1.19765900000000
-1.46380600000000
-4.93374000000000
-11.4585220000000
-4.63945200000000
-0.312400000000000
-5.76421300000000
-3.28641600000000
-2.01540900000000
-1.33941500000000
-0.346679000000000
0.793051000000000
1.18778000000000
2.08726000000000
2.95994500000000
2.88929200000000
2.02543800000000
2.13950100000000
1.99505100000000
1.59643000000000
2.98359600000000
9.35270100000000
-11.7825980000000
5.15617800000000
2.89318400000000
-2.69664200000000
-1.63310400000000
-2.70188100000000
-1.37878300000000
-0.177830000000000
-0.433798000000000
-1.04722200000000
-0.968785000000000
-0.357457000000000
-0.173789000000000
-1.22520200000000
-2.33664100000000
-2.96757900000000
-2.03891000000000
-2.14249500000000
-7.26858500000000
-8.78283600000000
-4.13934200000000
-5.90147800000000
-4.42854100000000
-1.89595700000000
-0.799338000000000
0.451910000000000
1.75554900000000
2.08366700000000
1.55242200000000
1.10021200000000
1.84446400000000
3.15169600000000
3.55331100000000
2.73256800000000
1.71797700000000
2.73481300000000
7.09000600000000
-13.5999690000000
2.00627800000000
5.13626900000000
-2.19758000000000
-1.93053500000000
-2.23470300000000
-0.475262000000000
0.375569000000000
-0.0278420000000000
-0.606988000000000
-0.730481000000000
-0.0291890000000000
0.540825000000000
-0.518522000000000
-1.59822600000000
-2.40849200000000
-4.39845300000000
-7.05018900000000
-10.3669920000000
-2.28484900000000
-4.17302200000000
-5.00663900000000
-3.38042000000000
-3.43430800000000
-2.35849500000000
-0.481100000000000
1.20185100000000
1.81707100000000
2.00343400000000
2.38319400000000
2.66685400000000
1.88428200000000
2.39531900000000
1.32205100000000
0.311951000000000
4.72312800000000
12.9886400000000
-13.5978730000000
0.543071000000000
4.39516000000000
-2.10492300000000
-2.80801100000000
-1.48072100000000
-0.126936000000000
0.490081000000000
-0.374371000000000
-1.82201100000000
-1.50916200000000
-1.10051100000000
-1.40153500000000
-0.803080000000000
-0.976869000000000
-2.78930000000000
-3.47487400000000
-1.68564500000000
-5.44118500000000
-4.90559900000000
-4.49679900000000
-4.46626200000000
-3.44104400000000
-2.62314500000000
-1.21083200000000
0.756676000000000
1.81557400000000
2.18515600000000
1.98367500000000
2.73511200000000
3.20274000000000
3.00560000000000
0.808469000000000
0.00808300000000000
2.17797100000000
12.3556060000000
2.51881200000000
-17.7114690000000
0.909209000000000
4.58586400000000
0.859513000000000
-0.287253000000000
-2.30041600000000
-5.01023100000000
-2.73286700000000
-3.69895800000000
-5.19105500000000
-0.818648000000000
2.29353100000000
4.38513100000000
-3.31036600000000
-15.3285740000000
-9.07757300000000
-7.37216900000000
-0.392484000000000
2.91024800000000
3.06592400000000
2.52390200000000
-1.03614500000000
6.14442300000000
5.79160600000000
-0.361049000000000
-0.877176000000000
12.9654380000000
7.84039600000000
-4.80830100000000
3.87020200000000
-1.10889400000000
-8.36101300000000
-10.4873410000000
-4.08320900000000
1.22340600000000
2.10058200000000
-0.0314350000000000
-2.65218500000000
-8.63718900000000
-5.84459600000000
-5.94084600000000
-11.1651320000000
-6.50247800000000
3.78098700000000
0.294737000000000
6.29665600000000
5.41738400000000
4.29906000000000
6.16073900000000
-1.80195300000000
-3.66228400000000
7.68007900000000
18.1744560000000
6.32689300000000
-22.4663310000000
3.36605000000000
-3.47442500000000
-6.02796500000000
-1.10425400000000
-2.52420100000000
-4.65666600000000
-3.40437100000000
3.43101500000000
-0.482447000000000
-10.8373140000000
-0.791255000000000
-8.44468900000000
-14.5289370000000
4.84916600000000
2.66715400000000
9.15630900000000
6.97235100000000
2.40609600000000
1.41860000000000
-3.62411400000000
-0.947380000000000
9.88454500000000
17.5463620000000
6.16388200000000
-22.9779670000000
4.36432400000000
-4.13545000000000
0.414488000000000
0.196990000000000
-8.20518700000000
-7.03611800000000
-3.30452800000000
0.0760420000000000
-13.2597260000000
-4.48766800000000
-3.28222500000000
-20.5271140000000
5.80133600000000
-0.717907000000000
5.93426000000000
11.6661400000000
8.49259000000000
8.27464300000000
-6.67087800000000
-7.47859800000000
8.06971900000000
17.7441010000000
9.71973800000000
-20.2775830000000
-1.60571100000000
-2.22138100000000
-0.487536000000000
3.98007300000000
-5.38071100000000
-10.3041220000000
-8.28437300000000
-0.965642000000000
-2.57494500000000
-1.28163500000000
-8.80858200000000
-18.1750550000000
0.968336000000000
3.43116500000000
7.53293500000000
8.56563800000000
6.40772500000000
4.52149700000000
0.968785000000000
-9.51975400000000
-3.54822100000000
10.4803060000000
22.0832780000000
0.633632000000000
-20.9347160000000
-2.43558500000000
-4.32824900000000
-1.18912700000000
4.98149100000000
0.670905000000000
-9.23175200000000
-9.13041300000000
1.58954500000000
-3.17549700000000
-10.4503680000000
-0.276026000000000
-16.6298180000000
-8.40951200000000
3.71048400000000
0.563728000000000
6.36745900000000
11.7631380000000
6.22121300000000
5.18791200000000
-6.69767200000000
-7.09494600000000
4.43138500000000
22.9218340000000
14.7039230000000
-27.2668480000000
-0.830024000000000
-2.99916300000000
-1.98831500000000
2.16479800000000
3.74072100000000
-7.64220800000000
-10.0556390000000
-2.68032600000000
1.45003500000000
-8.90647900000000
-2.08381700000000
-17.3430850000000
-8.31610700000000
2.85666000000000
0.402812000000000
7.79159700000000
10.3521730000000
4.39980100000000
3.35617100000000
-3.38266600000000
-7.44701400000000
1.43761000000000
18.7405790000000
15.1389180000000
-24.2862460000000
-0.200583000000000
-3.44089500000000
1.13074900000000
0.615819000000000
0.955762000000000
-2.22227900000000
-11.3020970000000
-10.2701430000000
-3.37862400000000
0.0526900000000000
-5.57665300000000
-6.64677800000000
-19.7316680000000
-3.55884900000000
0.972378000000000
1.10170900000000
11.2850330000000
10.4436320000000
6.43212400000000
4.23723900000000
-4.53422100000000
-6.82984700000000
0.0990940000000000
10.6418200000000
6.01179800000000
-15.3644990000000
-1.95807800000000
-4.75471300000000
0.930166000000000
6.76847500000000
1.56798900000000
-3.34928500000000
-12.8503280000000
-10.2643050000000
-5.57710200000000
-0.954864000000000
1.25948100000000
-6.42269400000000
-11.9529440000000
-19.8572570000000
-1.95209100000000
-2.62688700000000
6.46640300000000
14.0193970000000
8.60964600000000
4.69887900000000
1.25349300000000
-3.44583400000000
-5.33595400000000
-0.256117000000000
6.70306100000000
10.1970950000000
-11.7173340000000
-6.69243300000000
-6.00491300000000
-3.23327600000000
-0.113763000000000
-2.34786800000000
-2.86040200000000
-8.18108700000000
-6.75694900000000
-2.56446700000000
-0.391586000000000
-0.451761000000000
3.06218200000000
1.12071900000000
-17.8625050000000
-27.0830310000000
-4.13350400000000
-1.71333700000000
9.23699200000000
14.6072240000000
12.3508160000000
3.12325500000000
-0.429756000000000
4.32331000000000
0.354463000000000
-3.85298800000000
7.15452200000000
-5.93411000000000
-16.1874880000000
-7.98349800000000
1.52233400000000
0.767604000000000
-1.24825400000000
-3.60719900000000
-2.61521200000000
-1.68684200000000
-5.22338800000000
-7.73741000000000
-7.05378200000000
-5.78367300000000
2.79678400000000
3.64477100000000
-9.18415100000000
-18.9065840000000
-9.67453200000000
0.659678000000000
2.37810500000000
7.24523300000000
0.924328000000000
-4.64005100000000
5.72888700000000
-0.671204000000000
-6.19890900000000
-0.431852000000000
-5.18237300000000
-9.36108400000000
-10.6838830000000
-3.50795500000000
-1.86197800000000
-1.05605400000000
-0.902324000000000
1.39270400000000
2.36942300000000
0.904868000000000
-0.0356260000000000
1.01369200000000
-1.12595900000000
-4.19622400000000
-5.41992900000000
-1.35228800000000
-1.32115300000000
-1.34689900000000
-0.317639000000000
0.262704000000000
-1.92320100000000
-3.78502900000000
-3.23836600000000