9.74892700000000
9.77691900000000
9.81000000000000
9.88619200000000
9.88394600000000
9.83469900000000
9.80431200000000
9.74398700000000
9.86014600000000
9.67408300000000
9.59804100000000
9.64100100000000
9.87227100000000
9.80146800000000
9.64519300000000
10.0248030000000
9.88364700000000
9.88050300000000
9.68875200000000
9.80805400000000
9.82975900000000
9.81733500000000
9.61555400000000
9.72871900000000
9.72258200000000
9.81568800000000
9.72363000000000
9.65567100000000
9.69474000000000
9.62483500000000
9.68860200000000
9.95564700000000
9.77048200000000
9.76389600000000
9.86912700000000
9.91553100000000
9.52379500000000
10.0011520000000
9.82002900000000
9.82526800000000
9.74099300000000
9.67168800000000
9.74383800000000
9.92421200000000
10.0119300000000
9.81703500000000
9.74922600000000
9.73141300000000
9.70806200000000
9.77856500000000
9.87975500000000
9.75790800000000
9.81583800000000
9.78560100000000
9.64489300000000
9.69788300000000
9.51361600000000
9.95909000000000
9.80565900000000
9.80790400000000
10.1192570000000
9.65761700000000
9.63725900000000
9.79218700000000
9.77796700000000
9.79069000000000
9.73126400000000
9.86029500000000
9.76105200000000
9.76329700000000
9.73620300000000
9.57229400000000
9.72886900000000
9.81149700000000
9.77197900000000
9.63800800000000
9.83260300000000
9.75671100000000
9.58651500000000
9.96717300000000
9.85999600000000
9.75102300000000
9.94696500000000
9.75431600000000
9.74877700000000
9.78739700000000
9.88589200000000
9.83065700000000
9.83065700000000
9.90235800000000
9.54744600000000
9.49849800000000
9.59295100000000
9.84622500000000
9.82946000000000
9.94352200000000
9.33952800000000
10.2556230000000
9.74728000000000
9.56091800000000
9.83514800000000
9.91523100000000
9.32126600000000
9.98872800000000
9.51241900000000
9.97630400000000
9.80865300000000
9.77227800000000
9.71105600000000
9.82002900000000
9.79069000000000
9.81074800000000
9.84158400000000
9.95594700000000
9.78739700000000
9.69339200000000
9.62663100000000
9.76060300000000
9.88080300000000
9.79383400000000
9.68111800000000
9.69878100000000
9.77572100000000
9.81344300000000
9.81404200000000
9.73844900000000
9.75341800000000
9.73096400000000
9.69459000000000
9.71943800000000
9.83889000000000
9.83739300000000
9.88409600000000
9.89412500000000
9.90325600000000
9.89577200000000
9.64160000000000
9.69294300000000
9.79742600000000
9.74279000000000
9.79548000000000
9.87900700000000
9.74892700000000
9.72707200000000
9.76973400000000
9.75311800000000
9.82706500000000
9.86867800000000
9.68935100000000
9.72123500000000
9.86613300000000
9.83844100000000
9.71180400000000
9.79263600000000
9.82092700000000
9.84113500000000
9.69024900000000
9.77168000000000
9.86089400000000
9.87301900000000
9.82032900000000
9.68620700000000
9.67677700000000
9.83245300000000
9.81973000000000
9.71419900000000
9.68560900000000
9.85565500000000
9.88574200000000
10.0042960000000
9.88319800000000
9.64354600000000
9.73485600000000
9.70581700000000
9.72018700000000
9.63516400000000
9.79802500000000
9.84008700000000
9.82556800000000
9.80715600000000
9.70222400000000
9.72557600000000
9.81164700000000
9.89562200000000
9.79158800000000
9.75102300000000
9.69548800000000
9.67483100000000
9.73785000000000
9.77691900000000
9.71749200000000
9.89756800000000
9.79952200000000
9.73111400000000
9.59714300000000
9.68905200000000
9.89726900000000
9.85894800000000
9.67992100000000
9.75012500000000
9.78664900000000
9.73186200000000
9.74084400000000
9.69818300000000
9.80580900000000
9.73695200000000
9.85939700000000
9.67273500000000
9.81239500000000
9.71419900000000
9.64264800000000
9.86179200000000
9.80610800000000
9.78081100000000
9.71360000000000
9.83395000000000
9.71539700000000
9.69548800000000
9.84038700000000
9.81119800000000
9.68620700000000
9.78664900000000
9.94891100000000
9.94217500000000
9.77482300000000
9.70536800000000
9.75012500000000
9.68530900000000
9.76314700000000
9.73395800000000
9.60537600000000
9.83963800000000
10.0736020000000
9.85700200000000
9.81494000000000
9.67932200000000
9.63740900000000
9.76898500000000
9.87721000000000
9.69339200000000
9.63112200000000
9.73800000000000
9.80595800000000
9.69967900000000
9.92945200000000
9.80670700000000
9.81119800000000
9.70192500000000
9.77691900000000
9.62513400000000
9.61390800000000
9.89921400000000
9.91014200000000
9.70821200000000
9.79637800000000
9.77841600000000
9.75686100000000
9.60088500000000
9.74473600000000
9.88274900000000
9.79697700000000
9.82437000000000
9.60702200000000
9.62303900000000
9.70357100000000
9.92211700000000
9.73216200000000
9.72228200000000
9.81568800000000
9.77721800000000
9.66330500000000
9.75087300000000
9.74937600000000
9.78784600000000
9.83454900000000
9.89711900000000
9.69354200000000
9.66749600000000
9.62124300000000
10.0242050000000
9.70881000000000
9.82047800000000
9.88439500000000
9.78649900000000
9.74024500000000
9.77826600000000
9.60732100000000
9.76718900000000
9.83365100000000
9.80790400000000
9.77467300000000
9.75117200000000
9.77212900000000
9.78799600000000
9.72931800000000
9.79637800000000
9.66525100000000
9.70731400000000
9.83514800000000
9.81823300000000
9.86912700000000
9.69369200000000
9.80296500000000
9.81015000000000
9.75177100000000
9.81134700000000
9.70297300000000
9.84158400000000
9.81000000000000
9.77302700000000
9.70566700000000
9.74503500000000
9.88349700000000
9.78979200000000
9.86403800000000
9.84951800000000
9.67812400000000
9.64190000000000
9.60896800000000
9.62932600000000
9.71719300000000
9.72377900000000
9.66614900000000
9.45508800000000
9.38653100000000
9.41197800000000
9.50987400000000
9.74563400000000
9.86119400000000
9.80730600000000
9.83559700000000
9.88514400000000
10.1117720000000
10.2964880000000
10.2301760000000
9.95519800000000
9.67707600000000
9.60253100000000
9.52095100000000
9.38144100000000
9.66120900000000
9.74772900000000
9.60343000000000
9.63696000000000
9.66450300000000
9.29911200000000
8.88297800000000
8.80049900000000
9.32665500000000
10.1265920000000
10.8921000000000
11.1621380000000
10.3228340000000
9.52813600000000
9.03341500000000
8.86321900000000
8.91830400000000
8.86262000000000
9.28234700000000
9.31872200000000
9.35554500000000
9.62184100000000
9.70312200000000
9.78275700000000
9.64459400000000
9.69653600000000
9.61016600000000
9.77676900000000
10.1018930000000
10.3122060000000
10.6597830000000
11.6251250000000
12.2274730000000
12.1913980000000
11.8134340000000
11.9084860000000
12.0812270000000
11.5662980000000
10.8078250000000
10.1207540000000
9.82556800000000
9.59429900000000
9.61450700000000
9.64339600000000
9.44730400000000
8.90887400000000
8.28721700000000
7.95909900000000
8.09935700000000
7.98349800000000
7.81450000000000
7.68292300000000
7.99861700000000
8.38211900000000
8.78044100000000
9.36243100000000
9.53427300000000
9.47350000000000
9.35898800000000
9.57588700000000
9.63231900000000
9.74114300000000
9.81419100000000
10.2021840000000
10.6593340000000
11.2610820000000
11.9800370000000
13.2137720000000
14.1454340000000
13.7849840000000
12.9988190000000
11.8577420000000
10.5359900000000
9.28878400000000
8.49094300000000
8.16282500000000
8.46804100000000
9.06499900000000
9.38114200000000
8.74885700000000
7.91269500000000
7.37351700000000
7.19523700000000
7.25705900000000
7.42441100000000
7.61047400000000
8.05534900000000
8.66143800000000
9.41871400000000
9.69953000000000
9.57124600000000
9.61585400000000
9.48816900000000
9.52738800000000
10.0237550000000
10.7838750000000
11.2154270000000
11.1092980000000
11.1983630000000
11.4591210000000
12.4801470000000
13.8653670000000
14.0409520000000
13.0696220000000
11.5508800000000
9.90400500000000
9.04928200000000
8.93447100000000
9.10975600000000
9.44715500000000
9.57843200000000
9.08954800000000
8.43510900000000
7.76270700000000
7.20676300000000
7.11126200000000
7.57125500000000
7.90610900000000
7.78231700000000
7.96538600000000
8.43750400000000
9.14747800000000
9.62453600000000
9.71075600000000
9.64669000000000
9.66989100000000
9.88319800000000
10.4244720000000
11.0190360000000
11.1030110000000
11.3417650000000
12.6031920000000
13.9894590000000
14.1535180000000
12.8714340000000
11.2785960000000
9.91777600000000
9.39596100000000
10.2485880000000
11.2161760000000
11.4032870000000
10.1532360000000
8.67401200000000
7.19269300000000
6.06883000000000
5.64042100000000
5.85821800000000
6.34874800000000
6.75590100000000
7.32082600000000
8.15294600000000
9.19627600000000
9.93783400000000
10.2405050000000
10.3083140000000
10.3298690000000
10.2469410000000
10.4711750000000
11.1353440000000
11.6061150000000
11.4428050000000
11.0254720000000
11.6835040000000
13.2595770000000
14.2089020000000
13.5282680000000
11.9858750000000
10.0403710000000
9.11739000000000
9.19328200000000
9.59908900000000
9.75222000000000
9.75895600000000
9.40733700000000
8.76996300000000
7.96418800000000
7.38055200000000
7.14449300000000
7.21619400000000
7.24134200000000
7.54356300000000
7.96329000000000
8.25368600000000
8.76098100000000
9.31318300000000
9.63381600000000
9.56076800000000
9.31363200000000
9.58621500000000
10.4195320000000
11.0866950000000
11.2953610000000
11.3603260000000
12.5442140000000
14.2852440000000
14.1710310000000
13.2941550000000
11.6549130000000
10.2408040000000
9.67183700000000
9.91313600000000
10.6229590000000
10.7111260000000
9.81074800000000
8.36011500000000
7.04779400000000
6.19861000000000
5.72559400000000
6.09921700000000
6.50891500000000
6.85768900000000
7.58338000000000
8.51309700000000
9.60387900000000
10.3084630000000
10.2232910000000
9.92391300000000
9.82242400000000
10.3794160000000
11.0046660000000
10.9611060000000
10.7687560000000
10.5791010000000
10.7475000000000
12.5633740000000
14.6997320000000
14.6373120000000
12.8193420000000
10.8543780000000
9.64863600000000
9.81089800000000
10.7635170000000
11.1542050000000
10.6672670000000
9.64309700000000
8.39169900000000
7.18999800000000
6.31686400000000
6.02871300000000
6.21477600000000
6.57028700000000
7.24373700000000
8.06762300000000
8.92908200000000
9.49595300000000
9.60028600000000
9.77392500000000
9.77886500000000
9.63875600000000
9.73335900000000
10.2587670000000
10.8084240000000
10.8439000000000
11.1694730000000
12.4253610000000
14.4246040000000
14.8262190000000
13.2375720000000
11.3163180000000
9.98887800000000
9.69863200000000
10.2659520000000
10.6937620000000
10.3725300000000
9.43308400000000
8.26266800000000
7.25825600000000
6.88119000000000
6.66174700000000
6.56310200000000
6.76563100000000
7.14464300000000
7.83530600000000
8.39634000000000
8.84615400000000
9.60537600000000
10.3719310000000
10.6012550000000
10.3869000000000
10.1978430000000
10.1917060000000
10.3012780000000
10.3056190000000
10.2339180000000
10.2370620000000
11.4336740000000
13.6558030000000
14.6814700000000
13.9458990000000
12.1878050000000
10.0179180000000
8.84615400000000
8.92848300000000
9.27785700000000
9.11619300000000
8.97967700000000
8.51279800000000
7.91329400000000
7.27352500000000
6.77431300000000
6.45667300000000
6.60726000000000
7.00992300000000
7.39147900000000
7.70717300000000
7.87946500000000
8.10280000000000
8.78193800000000
8.96231300000000
9.20690400000000
9.36796900000000
9.89981300000000
10.3316650000000
10.5997580000000
10.4225260000000
10.4731210000000
10.6883730000000
11.1356430000000
11.0801090000000
10.1502420000000
9.16334500000000
8.88896500000000
8.72834900000000
9.36617300000000
12.0313810000000
15.1663110000000
16.1045600000000
16.2172760000000
18.0193790000000
20.3458410000000
20.2916530000000
18.8621260000000
16.3957050000000
13.4983300000000
9.80027000000000
5.48384600000000
1.23508200000000
-1.69821900000000
-2.92581600000000
-2.09728900000000
-0.692460000000000
-0.699795000000000
-0.696801000000000
0.689766000000000
4.18589500000000
11.4675030000000
19.4099870000000
26.7079110000000
28.2910190000000
23.0092520000000
20.3458410000000
18.0789550000000
14.5377690000000
10.0782420000000
6.06838100000000
3.29509800000000
0.436642000000000
-1.82859700000000
-2.95635200000000
-2.88794400000000
-1.62726600000000
0.936902000000000
3.18298100000000
8.47013600000000
13.8116290000000
15.4369490000000
44.3285180000000
29.6371690000000
22.4845930000000
20.1002010000000
16.3775930000000
10.2988830000000
5.32098500000000
2.29233300000000
-0.136217000000000
-1.39345200000000
-1.75195700000000
-1.36067000000000
-0.918490000000000
-1.22146000000000
-2.35774700000000
-1.15335200000000
3.19151300000000
11.3582300000000
19.6737380000000
27.7135190000000
33.1463220000000
29.0182060000000
23.6222270000000
18.2835790000000
12.4946670000000
6.92205600000000
2.92955800000000
0.383203000000000
-1.20709000000000
-2.36553100000000
-2.72373600000000
-1.93293000000000
-1.05605400000000
-0.894240000000000
0.772843000000000
7.89608000000000
17.4671770000000
19.1598570000000
40.9424100000000
31.6054260000000
28.1468680000000
19.9600930000000
13.1318920000000
7.15751600000000
3.32039500000000
0.345781000000000
-1.17864900000000
-1.38851300000000
-2.17378000000000
-2.05387900000000
-1.90928000000000
-1.03390000000000
0.128882000000000
3.93561600000000
12.2273230000000
19.9487160000000
33.8263580000000
34.0243960000000
27.5725130000000
22.5465640000000
17.3287150000000
11.7141900000000
6.51759700000000
2.79633500000000
-0.156874000000000
-2.25416200000000
-3.66033800000000
-3.91361200000000
-2.73720800000000
-1.23463300000000
-0.104034000000000
0.980162000000000
7.22532500000000
15.0651220000000
16.8395320000000
46.2758190000000
34.0231980000000
27.3630980000000
21.6283740000000
14.8783100000000
9.39611100000000
4.73151100000000
1.10784600000000
-1.61963200000000
-3.44837900000000
-3.38700700000000
-2.90994900000000
-2.60144000000000
-1.75554900000000
-0.131876000000000
3.22010400000000
9.81089800000000
15.7183630000000
27.7714490000000
37.6432700000000
28.1324980000000
23.3282390000000
19.0014860000000
12.4903260000000
7.46437800000000
3.54447900000000
1.17086500000000
-0.662223000000000
-2.01436100000000
-2.88031000000000
-3.27069900000000
-3.16157500000000
-2.07154200000000
0.475711000000000
7.74309800000000
16.9163220000000
17.9105550000000
43.3796420000000
32.7017460000000
27.2006860000000
22.1283340000000
14.7346090000000
8.53300600000000
3.67186400000000
0.717009000000000
-1.62711600000000
-2.70427600000000
-2.91743300000000
-2.53752300000000
-2.09429500000000
-1.33402600000000
0.267494000000000
4.97236000000000
12.3249200000000
19.8463290000000
29.9805550000000
30.4148020000000
27.0179160000000
22.4440270000000
17.1743860000000
12.0929030000000
6.88672900000000
3.40077800000000
0.923579000000000
-0.733924000000000
-1.86557100000000
-2.72628100000000
-2.26449100000000
-1.29525700000000
-0.466879000000000
3.06562500000000
11.1669280000000
15.5293070000000
16.5929950000000
46.9509150000000
31.5522870000000
24.9523610000000
18.2380740000000
12.4023090000000
6.93028800000000
2.22916400000000
-0.725990000000000
-2.21524300000000
-2.19069400000000
-1.93532500000000
-1.74327500000000
-2.16449900000000
-1.79701300000000
0.893941000000000
8.51489300000000
18.7362380000000
22.4151370000000
33.3455580000000
27.9611050000000
23.5559150000000
20.2382140000000
15.6517520000000
10.4008210000000
5.59072400000000
1.75345400000000
-1.20828700000000
-3.26995000000000
-4.10760800000000
-4.58376800000000
-2.33724000000000
-0.206421000000000
2.50354400000000
7.72438700000000
12.4642800000000
11.0440340000000
15.8497900000000
43.3679660000000
31.9227660000000
20.7178170000000
15.1046400000000
9.16005200000000
1.78623600000000
-2.47989300000000
1.43012600000000
-1.15679400000000
-4.98328700000000
0.349972000000000
8.80334300000000
20.2290830000000
19.7798680000000
27.2532270000000
23.3372200000000
20.1278940000000
10.4071080000000
5.35002500000000
1.09287700000000
1.19331800000000
-1.27669500000000
-2.16375000000000
-1.03973800000000
5.59311900000000
17.1140610000000
17.0604730000000
9.71584600000000
27.6633740000000
22.1555770000000
24.1467370000000
15.8011410000000
5.70852900000000
0.672701000000000
-6.17121700000000
-10.6552920000000
-2.38543900000000
8.39634000000000
18.6895350000000
22.0410650000000
18.0663810000000
21.1632910000000
20.9110650000000
14.0333180000000
1.20724000000000
0.487386000000000
-0.0565820000000000
0.539478000000000
0.814157000000000
-0.0532890000000000
5.18192400000000
15.1863700000000
16.2820910000000
17.4010140000000
35.7253090000000
23.7099450000000
12.2699840000000
5.62575100000000
3.30782100000000
-0.899180000000000
-5.44358000000000
-4.34007500000000
2.34876600000000
9.70911000000000
20.5675300000000
19.7402000000000
22.7740910000000
28.8228630000000
12.5814870000000
2.14683600000000
-0.912652000000000
-2.07678100000000
0.120649000000000
-0.579295000000000
-1.88338300000000
2.87971200000000
13.6099980000000
16.0024730000000
17.2845570000000
44.9278720000000
29.0185060000000
2.48064100000000
0.603695000000000
3.57202200000000
-3.16546700000000
-8.02122000000000
-1.32803800000000
6.40158800000000
19.0718400000000
22.6086850000000
18.9643630000000
32.5622360000000
14.7593080000000
8.81322300000000
-7.72423700000000
-2.24338500000000
-1.46799700000000
3.08882700000000
1.01069800000000
3.10888500000000
16.2008100000000
21.8205740000000
19.1284220000000
38.6972290000000
22.0804340000000
0.687071000000000
-5.74430500000000
-0.686023000000000
7.73366800000000
1.87410300000000
0.949775000000000
5.17967900000000
17.9930330000000
26.5844170000000
21.4509920000000
29.1396040000000
10.8085730000000
2.87013200000000
-9.02084100000000
2.74753600000000
0.114063000000000
5.02684700000000
1.09392500000000
-1.03674400000000
5.53429100000000
19.2076080000000
20.0105380000000
23.9401660000000
37.0132310000000
17.2173460000000
-1.78324200000000
-3.72724900000000
0.699645000000000
0.326022000000000
-6.11747900000000
-0.439486000000000
6.34006600000000
12.9027190000000
21.8632350000000
24.2964250000000
32.3281230000000
21.9753520000000
9.51571200000000
-3.92648500000000
-4.63720700000000
-4.82551500000000
1.67247200000000
3.23552200000000
2.84288800000000
3.23671900000000
14.9780030000000
20.5223240000000
18.8155730000000
51.1757300000000
20.4413420000000
-0.929118000000000
-7.96523600000000
-2.38064900000000
1.81467600000000
-3.85104200000000
0.265548000000000
7.70163400000000
10.3767210000000
16.2502080000000
22.9736260000000
32.7723990000000
25.5961720000000
12.3918310000000
-1.92140400000000
-4.19323000000000
-2.51701600000000
0.627046000000000
3.18148400000000
3.40062800000000
2.10177900000000
12.9634920000000
20.8258920000000
24.2673860000000
51.7312240000000
22.4163350000000
0.830922000000000
-11.0609490000000
-7.29717500000000
-3.20378800000000
-0.447719000000000
-2.22497300000000
5.04016900000000
13.3016390000000
12.7075250000000
20.6202200000000
27.2768770000000
35.7657250000000
17.3363490000000
7.13805600000000
-4.51236600000000
-8.99569300000000
-3.80478800000000
2.17258200000000
5.29179600000000
6.42808300000000
4.00132900000000
7.58278200000000
17.7403590000000
26.9971090000000
46.6941990000000
26.2563000000000
5.00379500000000
-3.50151900000000
-14.4075390000000
-4.69214300000000
-0.251926000000000
-4.04982800000000
-1.84132100000000
12.4837400000000
13.8366270000000
16.2976590000000
27.5115890000000
33.3202600000000
28.8234610000000
13.6369420000000
4.62792600000000
-11.1953690000000
-5.87169000000000
0.560135000000000
4.73076200000000
4.73450500000000
3.74446300000000
2.66805200000000
8.23781900000000
19.8304620000000
37.9068720000000
48.5962930000000
26.1122990000000
5.50570100000000
-6.47104300000000
-12.4081470000000
-4.37510200000000
0.540227000000000
0.249980000000000
-3.71168200000000
0.955313000000000
4.81863000000000
5.22069400000000
11.8146310000000
26.2693230000000
39.3829530000000
33.8462660000000
15.8454490000000
8.44783300000000
-3.26695600000000
-8.46609500000000
-4.44934800000000
-0.628693000000000
1.93352900000000
3.15319300000000
5.72125300000000
14.7793660000000
24.8246770000000
35.3994360000000
38.6265760000000
16.3356800000000
7.33130400000000
1.21277800000000
-1.80674300000000
-4.16449000000000
-4.38019100000000
-3.08583300000000
0.0669110000000000
3.61109100000000
5.54596700000000
10.6009550000000
17.1716910000000
15.8954450000000
17.1845650000000
17.6468030000000
14.4231070000000
7.24523300000000
3.56798000000000
-0.0971480000000000
-0.537083000000000
5.65688600000000
4.53871200000000
7.84548500000000
13.1256050000000
15.4412900000000
12.8018280000000
12.3086040000000
11.0185870000000
8.93701500000000
4.38992100000000
2.86893400000000
2.93315000000000
-1.23672800000000
2.32751000000000
4.02483000000000
2.72089200000000
3.02595700000000
5.21605300000000
9.17891200000000
8.14740700000000
5.20108400000000
6.15819400000000
6.37180000000000
6.50756700000000
4.48138100000000
4.60128200000000
4.48377600000000
4.25939300000000