0.626148000000000
0.521366000000000
0.359852000000000
0.588426000000000
0.765508000000000
0.675096000000000
0.556842000000000
0.579595000000000
0.511786000000000
0.611628000000000
0.551603000000000
0.720152000000000
0.800984000000000
0.741708000000000
0.300276000000000
0.744252000000000
1.15260300000000
0.769250000000000
0.437091000000000
0.430804000000000
0.794099000000000
0.712668000000000
0.673450000000000
0.576152000000000
0.730780000000000
0.617765000000000
0.836760000000000
0.772394000000000
0.887205000000000
1.01758400000000
0.771496000000000
0.691861000000000
0.698597000000000
0.588576000000000
0.800835000000000
0.597408000000000
0.496817000000000
0.849483000000000
0.883463000000000
0.754281000000000
0.502056000000000
0.517624000000000
0.534089000000000
0.821192000000000
0.738265000000000
0.603844000000000
0.676294000000000
0.857417000000000
0.816851000000000
0.770747000000000
0.866698000000000
0.732277000000000
0.878373000000000
0.883613000000000
0.751886000000000
0.682431000000000
0.812510000000000
0.898432000000000
0.367785000000000
0.760269000000000
1.23627900000000
1.30962700000000
0.744402000000000
0.542472000000000
0.721051000000000
0.825683000000000
0.843945000000000
1.05081500000000
0.905018000000000
0.831970000000000
0.878822000000000
0.881517000000000
1.00411200000000
1.03599600000000
0.853675000000000
0.712668000000000
0.751886000000000
0.797991000000000
0.857118000000000
1.04168400000000
0.645907000000000
0.407303000000000
0.896486000000000
1.01354200000000
0.614921000000000
0.510738000000000
0.465083000000000
0.565973000000000
0.452359000000000
0.386496000000000
0.345781000000000
0.415985000000000
0.449366000000000
0.475411000000000
0.594713000000000
0.556393000000000
0.512085000000000
0.734822000000000
0.435744000000000
0.500260000000000
0.637225000000000
0.868045000000000
0.680934000000000
0.527353000000000
0.315544000000000
1.27879100000000
0.719703000000000
0.439037000000000
0.255219000000000
0.492177000000000
0.576451000000000
0.606239000000000
0.675695000000000
0.589774000000000
0.542771000000000
0.405207000000000
0.429756000000000
0.550705000000000
0.513881000000000
0.410596000000000
0.401016000000000
0.429756000000000
0.309107000000000
0.522713000000000
0.581690000000000
0.404160000000000
0.142504000000000
0.710572000000000
0.963247000000000
0.416135000000000
0.249681000000000
0.363744000000000
0.531994000000000
0.583337000000000
0.590821000000000
0.573308000000000
0.498463000000000
0.542173000000000
0.606389000000000
0.573757000000000
0.551304000000000
0.579146000000000
0.608036000000000
0.662223000000000
0.606838000000000
0.653242000000000
0.810864000000000
0.765957000000000
0.398471000000000
0.443528000000000
1.11233700000000
0.924927000000000
0.461790000000000
0.409997000000000
0.651595000000000
0.831221000000000
0.797392000000000
0.663420000000000
0.676144000000000
0.659229000000000
0.762963000000000
0.718805000000000
0.725392000000000
0.700543000000000
0.680934000000000
0.572559000000000
0.635728000000000
0.685275000000000
0.662822000000000
0.793799000000000
0.756078000000000
0.364193000000000
0.647254000000000
1.01159600000000
0.757126000000000
0.540676000000000
0.509091000000000
0.562081000000000
0.661474000000000
0.687071000000000
0.704585000000000
0.772094000000000
0.768203000000000
0.652493000000000
0.591420000000000
0.627345000000000
0.596360000000000
0.619113000000000
0.621957000000000
0.602796000000000
0.665366000000000
0.639770000000000
0.658630000000000
0.719853000000000
0.407752000000000
0.747995000000000
1.17595500000000
0.625399000000000
0.441582000000000
0.388442000000000
0.554447000000000
0.721649000000000
0.765358000000000
0.617466000000000
0.726589000000000
0.642614000000000
0.705782000000000
0.669408000000000
0.827330000000000
0.653840000000000
0.659379000000000
0.770598000000000
0.664319000000000
0.688867000000000
0.689466000000000
0.756976000000000
0.549358000000000
0.428708000000000
1.03195400000000
1.15694400000000
0.697699000000000
0.548459000000000
0.659978000000000
0.880020000000000
0.905317000000000
0.795895000000000
0.737816000000000
0.814606000000000
0.924478000000000
0.900078000000000
0.671354000000000
0.930166000000000
0.802631000000000
0.777633000000000
0.808169000000000
0.872835000000000
0.886307000000000
0.870590000000000
0.890798000000000
0.614622000000000
0.539029000000000
0.986299000000000
1.21771800000000
0.754880000000000
0.730481000000000
0.705333000000000
0.771645000000000
0.791404000000000
0.791554000000000
0.763862000000000
0.794997000000000
0.809068000000000
0.747246000000000
0.653541000000000
0.747096000000000
0.764311000000000
0.778531000000000
0.731828000000000
0.718955000000000
0.672102000000000
0.660576000000000
0.826731000000000
0.637225000000000
0.469723000000000
0.762215000000000
1.13763400000000
0.518222000000000
0.504900000000000
0.474064000000000
0.671653000000000
0.770298000000000
0.709375000000000
0.740360000000000
0.632435000000000
0.620460000000000
0.658930000000000
0.698747000000000
0.678090000000000
0.577349000000000
0.485890000000000
0.673899000000000
0.480501000000000
0.569266000000000
0.686173000000000
0.758622000000000
0.599803000000000
0.255519000000000
1.01234500000000
1.03524700000000
0.335901000000000
0.434097000000000
0.572859000000000
0.668360000000000
0.744701000000000
0.662522000000000
0.701142000000000
0.709525000000000
0.846789000000000
0.833167000000000
0.797991000000000
0.813109000000000
0.843945000000000
0.810415000000000
0.822090000000000
0.841849000000000
0.769400000000000
0.741857000000000
0.834365000000000
0.515678000000000
0.502954000000000
0.950224000000000
0.982856000000000
0.478705000000000
0.569416000000000
0.587528000000000
0.627645000000000
0.643661000000000
0.402214000000000
0.527503000000000
0.712069000000000
0.776136000000000
0.634680000000000
0.661175000000000
0.683778000000000
0.657433000000000
0.711620000000000
0.834215000000000
0.898132000000000
0.871787000000000
0.792751000000000
0.823887000000000
0.737965000000000
0.430505000000000
1.03405000000000
1.33537300000000
0.289498000000000
0.569266000000000
0.507744000000000
0.398920000000000
0.456102000000000
0.515378000000000
0.713267000000000
0.815354000000000
0.956960000000000
0.912053000000000
0.952619000000000
0.871937000000000
1.12131800000000
1.40213400000000
1.52293300000000
1.38282400000000
1.34405500000000
1.30573500000000
1.27175500000000
1.43282000000000
1.13553900000000
1.14886100000000
1.89236500000000
1.18224200000000
0.992885000000000
1.41396000000000
1.49015100000000
1.62262600000000
1.76542900000000
1.84985300000000
1.76542900000000
1.47308700000000
1.79312100000000
2.02334200000000
2.07812900000000
1.64732400000000
1.18284000000000
0.585433000000000
0.0456550000000000
-0.435594000000000
-0.735570000000000
-0.858764000000000
-1.95463500000000
-2.87537100000000
-2.43573500000000
-1.42084500000000
-1.73204800000000
-1.58774800000000
-0.858764000000000
-0.192350000000000
-0.110171000000000
-0.00224500000000000
-0.0498460000000000
-0.0203580000000000
0.0411640000000000
0.303120000000000
0.405058000000000
0.709525000000000
0.994831000000000
1.01803300000000
1.05949700000000
1.21846600000000
1.19122300000000
1.18328900000000
1.34001300000000
1.48521100000000
1.53939900000000
1.06189200000000
1.59523300000000
1.88592800000000
1.09886500000000
1.08434500000000
1.18718100000000
0.476459000000000
-0.674946000000000
-1.60092100000000
-2.28380100000000
-2.08636100000000
-1.97304700000000
-1.86347500000000
-1.25289500000000
-0.821941000000000
-0.678838000000000
-0.566422000000000
-0.511337000000000
-0.437690000000000
-0.167352000000000
0.187560000000000
0.421224000000000
0.769999000000000
0.730780000000000
0.233963000000000
0.880619000000000
1.38237500000000
0.494122000000000
0.996628000000000
1.12805400000000
0.986449000000000
0.847538000000000
0.795446000000000
0.776136000000000
0.828826000000000
1.11248700000000
1.62591900000000
2.17587500000000
1.32908600000000
0.252225000000000
-1.12730600000000
-1.83189100000000
-2.20147200000000
-2.30580500000000
-2.04310100000000
-1.65585700000000
-1.16697300000000
-1.22969300000000
-0.286654000000000
0.302820000000000
-0.203577000000000
-0.0751440000000000
0.346829000000000
0.565823000000000
0.667163000000000
0.794997000000000
1.02985800000000
1.23029200000000
1.36965200000000
1.54703300000000
1.80494700000000
1.93442700000000
1.97963300000000
1.83802800000000
1.90613600000000
1.99879300000000
1.63579800000000
1.48146900000000
1.60825600000000
2.36089100000000
1.64807300000000
0.556842000000000
-1.22400500000000
-2.99152900000000
-2.45654200000000
-0.988245000000000
-0.254321000000000
0.0526900000000000
-0.198487000000000
-0.187859000000000
-0.144150000000000
0.0859210000000000
0.414787000000000
0.642614000000000
0.753383000000000
0.944236000000000
1.13928100000000
1.08659000000000
1.09602100000000
1.22310700000000
1.27310300000000
1.39030900000000
1.41231300000000
1.11757600000000
0.981958000000000
1.35752700000000
1.93757100000000
1.21277800000000
1.24017100000000
1.86557100000000
1.71393600000000
0.813558000000000
-0.341739000000000
-1.57981500000000
-2.14010000000000
-2.05612400000000
-1.82575300000000
-1.53430900000000
-1.22535200000000
-0.886157000000000
-0.330812000000000
0.198038000000000
0.306263000000000
0.193398000000000
0.289348000000000
0.381706000000000
0.708477000000000
0.565524000000000
0.605790000000000
1.50676700000000
1.54403900000000
1.15844100000000
1.61843400000000
1.36845400000000
1.20364700000000
1.27953900000000
1.54613500000000
1.70914600000000
1.78533700000000
1.61244700000000
1.83308800000000
2.33843700000000
1.79731200000000
-0.0880170000000000
-1.79476800000000
-3.04347100000000
-2.79139500000000
-1.17879900000000
-0.267494000000000
0.312700000000000
0.0850230000000000
-0.418380000000000
-0.118404000000000
0.366139000000000
0.128732000000000
0.272883000000000
0.736469000000000
0.677341000000000
0.514031000000000
0.694556000000000
0.928369000000000
1.13943100000000
1.27789300000000
1.48251700000000
1.70091300000000
1.76662600000000
1.68160300000000
1.64852200000000
1.51080800000000
1.45287900000000
1.81811900000000
2.34143100000000
1.33387600000000
0.217647000000000
-1.85374500000000
-3.40616700000000
-2.15926000000000
-1.75884200000000
-1.12595900000000
-0.739762000000000
-0.628393000000000
-0.457299000000000
-0.112416000000000
0.395777000000000
0.646955000000000
0.786914000000000
0.841251000000000
0.915945000000000
1.04722200000000
1.27639600000000
1.49194700000000
1.49868300000000
1.40003900000000
1.49134900000000
1.56140300000000
1.69208100000000
1.95972500000000
1.87724600000000
1.87739600000000
2.68526600000000
2.16195400000000
2.05971700000000
2.23545100000000
1.68714200000000
0.415985000000000
-1.60421400000000
-2.16674400000000
-1.50377300000000
-1.03180400000000
-0.515229000000000
-0.236209000000000
0.0757420000000000
0.361199000000000
0.302671000000000
0.212109000000000
0.210612000000000
0.360151000000000
0.406555000000000
0.445773000000000
0.782722000000000
1.16832000000000
0.902174000000000
0.960403000000000
1.69357800000000
1.19257000000000
1.12880300000000
1.27400100000000
1.08239900000000
1.16113500000000
1.20409600000000
1.37219700000000
1.48161900000000
1.79731200000000
1.61559000000000
0.756527000000000
-0.372126000000000
-1.49359400000000
-2.21464500000000
-2.09654000000000
-1.73653900000000
-1.32609200000000
-0.983754000000000
-0.660277000000000
-0.195943000000000
-0.0550850000000000
-0.293240000000000
0.393232000000000
0.389041000000000
0.126337000000000
0.483794000000000
0.520617000000000
0.639021000000000
0.958906000000000
1.17909800000000
1.42189300000000
1.22744800000000
1.34151000000000
1.67307100000000
1.82485500000000
2.00493100000000
2.17018700000000
2.00508000000000
1.83293800000000
1.66513700000000
1.24855400000000
1.01908100000000
1.09736800000000
-1.20798800000000
-3.83816800000000
-4.04249400000000
-4.73734900000000
-4.60023400000000
-4.52284500000000
-3.67815100000000
-3.56513600000000
-5.13806500000000
-4.84362800000000
-3.15678500000000
-2.96413600000000
-1.81048500000000
-0.878972000000000
0.0320330000000000
0.299228000000000
-1.13239500000000
-0.383952000000000
-0.627794000000000
-0.623903000000000
-2.24757600000000
-1.37983100000000
-0.855471000000000
-1.15125600000000
-1.61319500000000
-0.955313000000000
-0.746947000000000
-0.426613000000000
-5.06217300000000
-0.609532000000000
0.141007000000000
1.34585100000000
2.55997700000000
2.16464900000000
0.489332000000000
-1.83398600000000
-2.03232400000000
-0.941093000000000
0.0387690000000000
0.0245490000000000
-1.35453300000000
-2.53363100000000
-2.33215000000000
-1.09916400000000
3.32264100000000
4.18859000000000
-7.43803300000000
-9.70731400000000
-4.52673700000000
1.76423100000000
-2.71894600000000
-0.373922000000000
-0.643961000000000
-1.19556400000000
-0.941243000000000
-0.787063000000000
-0.190105000000000
-0.233963000000000
-1.87095900000000
-2.44696200000000
-1.16353000000000
-0.492626000000000
-0.248034000000000
0.503104000000000
2.98793700000000
0.181273000000000
-6.79077900000000
1.53326200000000
-2.42869900000000
5.41379200000000
4.57343900000000
1.84865600000000
-0.445174000000000
-1.03988800000000
-0.746348000000000
-0.0699050000000000
-0.244741000000000
-0.799937000000000
-1.43072500000000
-1.24091900000000
-0.461939000000000
-0.457299000000000
2.01136700000000
7.46827000000000
-0.831072000000000
-6.77416300000000
2.90710500000000
-1.13808300000000
1.63699600000000
0.102387000000000
-0.0684080000000000
0.537083000000000
1.36411300000000
0.0386200000000000
-1.17745100000000
-1.27624600000000
-2.25940200000000
-1.35393400000000
-0.525557000000000
-0.149988000000000
-0.137863000000000
1.02282300000000
-0.0501460000000000
-5.14510100000000
-2.76460100000000
0.529299000000000
2.97221900000000
3.95342900000000
2.16105600000000
0.825084000000000
-0.291594000000000
-1.00575900000000
-1.57143200000000
-1.23882400000000
-0.422871000000000
-0.641416000000000
-1.60496200000000
-1.33522300000000
-0.553848000000000
1.97080200000000
5.68921900000000
-1.09317700000000
-11.4957940000000
-0.0470020000000000
-0.183518000000000
-1.28642500000000
0.331261000000000
0.167951000000000
0.279319000000000
0.304018000000000
0.259261000000000
-0.235610000000000
-1.08733900000000
-2.34128100000000
-1.92305100000000
-0.744252000000000
0.247286000000000
0.0401170000000000
1.27280300000000
0.993334000000000
-3.90373200000000
-1.18957600000000
-2.17931800000000
4.93942800000000
2.77058900000000
2.62763600000000
0.404459000000000
-0.962349000000000
-1.16383000000000
-0.794248000000000
-0.862656000000000
-1.12850300000000
-0.574655000000000
-0.825833000000000
-0.662971000000000
-0.610431000000000
0.641865000000000
7.62978400000000
-2.47121100000000
-9.58965800000000
0.619562000000000
-0.968935000000000
0.767304000000000
0.384251000000000
0.361498000000000
-0.217647000000000
0.817001000000000
0.786614000000000
-0.441282000000000
-1.73294600000000
-2.70307900000000
-2.56386800000000
-0.906964000000000
0.221390000000000
-0.0321830000000000
3.85822700000000
0.0155680000000000
-4.37734700000000
-0.0362250000000000
-0.195943000000000
4.78210600000000
4.07063500000000
3.72096200000000
1.44210100000000
0.187859000000000
-0.931513000000000
-1.86946200000000
-1.42279100000000
-1.45557300000000
-1.21816700000000
-0.153431000000000
-0.613424000000000
-0.830024000000000
3.52606800000000
7.19014800000000
-7.04180600000000
-8.87848700000000
0.839604000000000
-0.559087000000000
0.0730480000000000
0.00973000000000000
-0.534239000000000
-0.129481000000000
0.292043000000000
-0.106578000000000
-0.723296000000000
-2.03741300000000
-2.66939900000000
-1.00635700000000
0.643961000000000
-0.318687000000000
-0.717608000000000
-0.00688600000000000
-3.24600000000000
-4.17466900000000
1.19765900000000
2.88854300000000
4.59963500000000
2.82178200000000
1.74671800000000
-0.278571000000000
-1.46350700000000
-2.03651500000000
-1.24256600000000
-0.968935000000000
-1.37953100000000
0.0628690000000000
1.89535900000000
2.64305400000000
0.255369000000000
2.19398800000000
5.05319200000000
-2.50938200000000
-1.15260300000000
2.76445100000000
-2.63841300000000
-2.78690500000000
-3.26216600000000
0.847837000000000
-1.00605800000000
-3.44613400000000
-3.71737000000000
1.65825200000000
4.00402400000000
1.74043100000000
5.33730100000000
-1.15724300000000
-3.26905200000000
2.66251300000000
2.81459700000000
-5.71781000000000
-2.35011300000000
-0.956361000000000
3.03718400000000
0.252375000000000
0.304916000000000
6.33692200000000
8.18153600000000
-2.18874800000000
-1.48820500000000
-22.2961350000000
1.39360200000000
2.52075800000000
-3.06966700000000
-3.89205600000000
-0.930764000000000
-6.16298400000000
-3.24390400000000
4.27196600000000
5.19449800000000
6.61923500000000
-1.63520000000000
-1.53176500000000
-5.17698400000000
9.90205900000000
-2.85591100000000
-6.89780600000000
-2.99991200000000
4.13350400000000
2.67808100000000
-1.52922000000000
2.94362900000000
7.89069100000000
5.51153900000000
-6.64348500000000
-6.94510800000000
-14.4928620000000
15.1217040000000
-5.94219300000000
-0.0455050000000000
-2.49785600000000
-5.96958600000000
-4.09129200000000
0.160616000000000
6.34979600000000
5.78951100000000
1.62547000000000
0.138013000000000
-7.18431000000000
8.55456100000000
-0.243094000000000
-6.45667300000000
-5.75702800000000
2.67628500000000
3.62291600000000
-0.682281000000000
4.60442500000000
7.87123200000000
7.57260300000000
-1.73085100000000
-3.75928300000000
-19.3394830000000
13.4281260000000
-5.71781000000000
-4.48961400000000
-2.22212900000000
-8.19994800000000
-3.16082700000000
4.98328700000000
8.23183200000000
6.27375400000000
-2.15776300000000
-0.834515000000000
1.46709900000000
5.67020900000000
-11.7929260000000
-7.13760700000000
2.16764200000000
9.86433700000000
-0.619861000000000
-0.339195000000000
6.34051500000000
7.80177600000000
-0.828228000000000
-8.90962200000000
-17.8951370000000
15.5736150000000
-4.50952200000000
-8.45591600000000
-3.83951600000000
-1.58370700000000
-4.72178100000000
1.11967200000000
4.45832900000000
5.28820300000000
0.500709000000000
-2.15656500000000
3.60315700000000
2.79977800000000
-5.27188700000000
-5.49881500000000
2.01630700000000
6.50173000000000
-2.98209900000000
-2.92252300000000
5.01966200000000
5.41513900000000
5.99907500000000
-0.317340000000000
-6.17331300000000
-8.04427200000000
5.52665700000000
-3.25378400000000
-4.87640900000000
0.130678000000000
-3.13912200000000
-3.46873700000000
-0.299677000000000
2.91788200000000
4.11030300000000
1.28283200000000
5.25197800000000
-3.41275300000000
8.38107100000000
-1.43746100000000
-6.53331400000000
-2.03591600000000
4.04848100000000
4.34546400000000
-3.57636300000000
2.65547800000000
4.08126300000000
5.99233900000000
1.67262200000000
0.441133000000000
-13.6158360000000
11.4176570000000
-5.59955600000000
-3.64866300000000
-2.85366600000000
2.90755400000000
-4.07243100000000
-2.79828100000000
0.958756000000000
3.67740300000000
3.32937700000000
6.70635400000000
0.154628000000000
6.60007500000000
-1.60316600000000
-4.56670300000000
-1.13149700000000
3.21456500000000
2.06241100000000
-3.25453200000000
1.43671200000000
3.30857000000000
5.60479500000000
5.15183700000000
1.10036200000000
-17.4487650000000
13.4995280000000
-5.09046400000000
-4.57778000000000
-3.35766800000000
5.41079800000000
0.597258000000000
-3.84879600000000
-4.37525200000000
0.939297000000000
2.91713400000000
3.81616400000000
9.57753300000000
0.168250000000000
6.64543100000000
-0.955613000000000
-4.85710000000000
-0.780178000000000
5.31799100000000
3.70120300000000
-5.80328200000000
-2.94617300000000
2.07872700000000
1.76123700000000
4.67702400000000
13.4272280000000
-15.2595680000000
5.38086000000000
2.01840300000000
-3.61962300000000
-4.86189000000000
-3.23387500000000
6.96037600000000
-0.0431100000000000
-3.06203200000000
-1.17430800000000
-2.19743000000000
-1.37264600000000
7.46228200000000
2.93644400000000
6.53047000000000
2.07438600000000
2.59455500000000
-4.09308800000000
3.63833400000000
7.29552900000000
2.32481600000000
-8.12660100000000
-5.94863000000000
3.05769100000000
2.68646300000000
2.09594100000000
16.5127620000000
-9.79024100000000
-12.3216270000000
8.21252200000000
1.19152200000000
-2.83450600000000
0.827479000000000
5.84654200000000
1.56559400000000
-0.905317000000000
-3.46604200000000
-3.53295300000000
-0.515977000000000
1.47952300000000
-0.247885000000000
9.78874400000000
-1.38492000000000
-1.97259800000000
5.36589200000000
-1.61678800000000
-0.208666000000000
2.95829800000000
1.19257000000000
-1.75779500000000
1.40378100000000
0.904868000000000
-1.22280700000000
5.60075300000000
17.2606060000000
-2.47824600000000
3.83412700000000
2.44965600000000
1.91886000000000
-0.958008000000000
-1.27235400000000
1.27909000000000
1.68953700000000
5.39687700000000
5.57440800000000
6.03889200000000
3.96315900000000
2.98314700000000
8.05100800000000
7.77677800000000
5.16066800000000
2.23814600000000
4.13994100000000
1.43072500000000
1.16323100000000
-0.780178000000000
-10.0120800000000
-11.2802430000000
-7.28265600000000
2.20087300000000
19.1941360000000
3.75673800000000
5.61886600000000
7.05677500000000
8.24141200000000
11.5972830000000
6.27375400000000
6.42269400000000
8.14800600000000
7.95999700000000
3.31021600000000
2.59096200000000
7.18236400000000
13.3288820000000
13.6544550000000
13.1735060000000
15.5505620000000
17.0874170000000
16.7548080000000
13.9092260000000
10.4246220000000
7.93634600000000
5.94623500000000
3.86526200000000
3.63249600000000