0.01	2587.180488
0.02	2587.180488
0.03	2587.180488
0.04	2587.180488
0.05	2587.180488
0.06	2587.180488
0.07	2587.180488
0.08	2587.180488
0.09	2658.011856
0.1	2665.701677
0.11	2673.391497
0.12	2681.081317
0.13	2688.771138
0.14	2696.460958
0.15	2704.150778
0.16	2711.840599
0.17	2719.530419
0.18	2727.22024
0.19	2734.91006
0.2	2742.59988
0.21	2750.289701
0.22	2757.979521
0.23	2765.669341
0.24	2773.359162
0.25	2780.522216
0.26	2782.944371
0.27	2785.366527
0.28	2787.788683
0.29	2790.210838
0.3	2792.632994
0.31	2795.05515
0.32	2797.477305
0.33	2799.899461
0.34	2802.321617
0.35	2804.743772
0.36	2807.165928
0.37	2809.588084
0.38	2812.01024
0.39	2814.432395
0.4	2816.854551
0.41	2819.276707
0.42	2821.263653
0.43	2822.597784
0.44	2823.931916
0.45	2825.266048
0.46	2826.60018
0.47	2827.934311
0.48	2829.268443
0.49	2830.602575
0.5	2831.936707
0.51	2833.270838
0.52	2834.60497
0.53	2835.939102
0.54	2837.273234
0.55	2838.607365
0.56	2839.941497
0.57	2841.275629
0.58	2842.60976
0.59	2843.207917
0.6	2843.490655
0.61	2843.773393
0.62	2844.056131
0.63	2844.338869
0.64	2844.621607
0.65	2844.904345
0.66	2845.187083
0.67	2845.469821
0.68	2845.75256
0.69	2846.035298
0.7	2846.318036
0.71	2846.600774
0.72	2846.883512
0.73	2847.16625
0.74	2847.448988
0.75	2847.731726
0.76	2847.946467
0.77	2848.153653
0.78	2848.360838
0.79	2848.568024
0.8	2848.77521
0.81	2848.982395
0.82	2849.189581
0.83	2849.396766
0.84	2849.603952
0.85	2849.811138
0.86	2850.018323
0.87	2850.225509
0.88	2850.432695
0.89	2850.63988
0.9	2850.847066
0.91	2851.054251
0.92	2851.26241
0.93	2851.474458
0.94	2851.686506
0.95	2851.898554
0.96	2852.110602
0.97	2852.322651
0.98	2852.534699
0.99	2852.746747
1	2852.958795
1.01	2853.170843
1.02	2853.382892
1.03	2853.59494
1.04	2853.806988
1.05	2854.019036
1.06	2854.231084
1.07	2854.443133
1.08	2854.655181
1.09	2854.988214
1.1	2855.401905
1.11	2855.815595
1.12	2856.229286
1.13	2856.642976
1.14	2857.056667
1.15	2857.470357
1.16	2857.884048
1.17	2858.297738
1.18	2858.711429
1.19	2859.125119
1.2	2859.53881
1.21	2859.9525
1.22	2860.36619
1.23	2860.779881
1.24	2861.193571
1.25	2861.607262
1.26	2861.518571
1.27	2861.304286
1.28	2861.09
1.29	2860.875714
1.3	2860.661429
1.31	2860.447143
1.32	2860.232857
1.33	2860.018571
1.34	2859.804286
1.35	2859.59
1.36	2859.375714
1.37	2859.161429
1.38	2858.947143
1.39	2858.732857
1.4	2858.518571
1.41	2858.304286
1.42	2858.09
1.43	2857.668313
1.44	2857.246627
1.45	2856.82494
1.46	2856.403253
1.47	2855.981566
1.48	2855.55988
1.49	2855.138193
1.5	2854.716506
1.51	2854.294819
1.52	2853.873133
1.53	2853.451446
1.54	2853.029759
1.55	2852.608072
1.56	2852.186386
1.57	2851.764699
1.58	2851.343012
1.59	2850.935952
1.6	2850.550833
1.61	2850.165714
1.62	2849.780595
1.63	2849.395476
1.64	2849.010357
1.65	2848.625238
1.66	2848.240119
1.67	2847.855
1.68	2847.469881
1.69	2847.084762
1.7	2846.699643
1.71	2846.314524
1.72	2845.929405
1.73	2845.544286
1.74	2845.159167
1.75	2844.774048
1.76	2844.128571
1.77	2843.309524
1.78	2842.490476
1.79	2841.671429
1.8	2840.852381
1.81	2840.033333
1.82	2839.214286
1.83	2838.395238
1.84	2837.57619
1.85	2836.757143
1.86	2835.938095
1.87	2835.119048
1.88	2834.3
1.89	2833.480952
1.9	2832.661905
1.91	2831.842857
1.92	2831.02381
1.93	2829.607305
1.94	2828.041437
1.95	2826.475569
1.96	2824.909701
1.97	2823.343832
1.98	2821.777964
1.99	2820.212096
2	2818.646228
2.02	2815.514491
2.04	2812.382754
2.05	2810.816886
2.06	2809.251018
2.07	2807.68515
2.08	2806.119281
2.09	2804.475602
2.1	2802.131627
2.11	2799.787651
2.12	2797.443675
2.13	2795.099699
2.14	2792.755723
2.15	2790.411747
2.16	2788.067771
2.17	2785.723795
2.18	2783.379819
2.19	2781.035843
2.2	2778.691867
2.21	2776.347892
2.22	2774.003916
2.23	2771.65994
2.24	2769.315964
2.25	2766.971988
2.26	2764.154464
2.27	2760.863393
2.28	2757.572321
2.29	2754.28125
2.3	2750.990179
2.31	2747.699107
2.32	2744.408036
2.33	2741.116964
2.34	2737.825893
2.35	2734.534821
2.36	2731.24375
2.37	2727.952679
2.38	2724.661607
2.39	2721.370536
2.4	2718.079464
2.41	2714.788393
2.42	2711.497321
2.43	2707.91625
2.44	2704.210893
2.45	2700.505536
2.46	2696.800179
2.47	2693.094821
2.48	2689.389464
2.49	2685.684107
2.5	2681.97875
2.51	2678.273393
2.52	2674.568036
2.53	2670.862679
2.54	2667.157321
2.55	2663.451964
2.56	2659.746607
2.57	2656.04125
2.58	2652.335893
2.59	2648.630536
2.6	2644.933795
2.61	2641.238012
2.62	2637.542229
2.63	2633.846446
2.64	2630.150663
2.65	2626.45488
2.66	2622.759096
2.67	2619.063313
2.68	2615.36753
2.69	2611.671747
2.7	2607.975964
2.71	2604.280181
2.72	2600.584398
2.73	2596.888614
2.74	2593.192831
2.75	2589.497048
2.76	2585.729286
2.77	2581.793571
2.78	2577.857857
2.79	2573.922143
2.8	2569.986429
2.81	2566.050714
2.82	2562.115
2.83	2558.179286
2.84	2554.243571
2.85	2550.307857
2.86	2546.372143
2.87	2542.436429
2.88	2538.500714
2.89	2534.565
2.9	2530.629286
2.91	2526.693571
2.92	2522.757857
2.93	2519.046845
2.94	2515.560536
2.95	2512.074226
2.96	2508.587917
2.97	2505.101607
2.98	2501.615298
2.99	2498.128988
3	2494.642679
3.01	2491.156369
3.02	2487.67006
3.03	2484.18375
3.04	2480.69744
3.05	2477.211131
3.06	2473.724821
3.07	2470.238512
3.08	2466.752202
3.09	2463.265893
3.1	2460.437108
3.11	2457.89012
3.12	2455.343133
3.13	2452.796145
3.14	2450.249157
3.15	2447.702169
3.16	2445.155181
3.17	2442.608193
3.18	2440.061205
3.19	2437.514217
3.2	2434.967229
3.21	2432.420241
3.22	2429.873253
3.23	2427.326265
3.24	2424.779277
3.25	2422.232289
3.26	2416.796287
3.27	2385.359162
3.28	2353.922036
3.29	2322.48491
3.3	2291.047784
3.31	2259.610659
3.32	2228.173533
3.33	2196.736407
3.34	2165.299281
3.35	2133.862156
3.36	2102.42503
3.37	2070.987904
3.38	2039.550778
3.39	2008.113653
3.4	1976.676527
3.41	1945.239401
3.42	1913.802275
3.43	1869.0615
3.44	1804.36525
3.45	1739.669
3.46	1674.97275
3.47	1610.2765
3.48	1545.58025
3.49	1480.884
3.5	1416.18775
3.51	1351.4915
3.52	1286.79525
3.53	1222.099
3.54	1157.40275
3.55	1092.7065
3.56	1028.01025
3.57	963.314
3.58	898.61775
3.59	833.9215
3.6	789.1577305
3.61	757.6822814
3.62	726.2068323
3.63	694.7313832
3.64	663.2559341
3.65	631.780485
3.66	600.3050359
3.67	568.8295868
3.68	537.3541377
3.69	505.8786886
3.7	474.4032395
3.71	442.9277904
3.72	411.4523413
3.73	379.9768922
3.74	348.5014431
3.75	317.025994
3.76	285.5505449
3.77	272.4584311
3.78	261.4089102
3.79	250.3593892
3.8	239.3098683
3.81	228.2603473
3.82	217.2108263
3.83	206.1613054
3.84	195.1117844
3.85	184.0622635
3.86	173.0127425
3.87	161.9632216
3.88	150.9137006
3.89	139.8641796
3.9	128.8146587
3.91	117.7651377
3.92	106.7156168
3.93	97.00238095
3.94	92.63428571
3.95	88.26619048
3.96	83.89809524
3.97	79.53
3.98	75.16190476
3.99	70.79380952
4	66.42571429
4.01	62.05761905
4.03	53.32142857
4.04	48.95333333
4.05	44.5852381
4.07	35.84904762
4.08	31.48095238
4.09	27.11285714
4.1	23.90885714
4.11	22.451
4.12	20.99314286
4.13	19.53528571
4.14	18.07742857
4.15	16.61957143
4.16	15.16171429
4.17	13.70385714
4.18	12.246
4.19	10.78814286
4.2	9.330285714
4.21	7.872428571
4.22	6.414571429
4.23	4.956714286
4.24	3.498857143
4.25	2.041
4.26	0.583142857
4.27	0
